<?xml version="1.0" encoding="utf-8"?>
<COLLADA xmlns="http://www.collada.org/2005/11/COLLADASchema" version="1.4.1">
  <asset>
    <contributor>
      <author>Mixamo</author>
      <authoring_tool>COLLADA Mixamo exporter</authoring_tool>
      <comments/>
    </contributor>
    <created>2026-05-01T17:24:21Z</created>
    <modified>2026-05-01T17:24:21Z</modified>
    <revision/>
    <title/>
    <unit meter="0.010000"/>
    <up_axis>Y_UP</up_axis>
  </asset>
  <library_animations>
    <animation id="mixamorig_Hips-anim" name="mixamorig_Hips">
      <source id="mixamorig_Hips-Matrix-animation-input">
        <float_array id="mixamorig_Hips-Matrix-animation-input-array" count="78">

0.000000 0.033333 0.066667 0.100000 0.133333 0.166667 0.200000 0.233333 0.266667 0.300000 0.333333 0.366667 0.400000 0.433333 0.466667 0.500000
0.533333 0.566667 0.600000 0.633333 0.666667 0.700000 0.733333 0.766667 0.800000 0.833333 0.866667 0.900000 0.933333 0.966667 1.000000 1.033333
1.066667 1.100000 1.133333 1.166667 1.200000 1.233333 1.266667 1.300000 1.333333 1.366667 1.400000 1.433333 1.466667 1.500000 1.533333 1.566667
1.600000 1.633333 1.666667 1.700000 1.733333 1.766667 1.800000 1.833333 1.866667 1.900000 1.933333 1.966667 2.000000 2.033333 2.066667 2.100000
2.133333 2.166667 2.200000 2.233333 2.266667 2.300000 2.333333 2.366667 2.400000 2.433333 2.466667 2.500000 2.533333 2.566667</float_array>
        <technique_common>
          <accessor source="#mixamorig_Hips-Matrix-animation-input-array" count="78">
            <param name="TIME" type="float"/>
          </accessor>
        </technique_common>
      </source>
      <source id="mixamorig_Hips-Matrix-animation-output-transform">
        <float_array id="mixamorig_Hips-Matrix-animation-output-transform-array" count="1248">

0.993666 0.065975 -0.090964 -0.000066 -0.060166 0.996058 0.065185 0.128320 0.094906 -0.059300 0.993718 0.000172 0.000000 0.000000 0.000000 1.000000
0.994209 0.054715 -0.092492 0.000288 -0.049060 0.996848 0.062346 0.126442 0.095612 -0.057447 0.993760 -0.000505 0.000000 0.000000 0.000000 1.000000
0.994388 0.038513 -0.098537 0.000720 -0.033375 0.998022 0.053270 0.124355 0.100394 -0.049683 0.993707 -0.001840 0.000000 0.000000 0.000000 1.000000
0.994131 0.015661 -0.107040 0.001223 -0.012791 0.999541 0.027445 0.121907 0.107420 -0.025915 0.993876 -0.003991 0.000000 0.000000 0.000000 1.000000
0.993527 -0.010509 -0.113110 0.001727 0.008337 0.999772 -0.019658 0.118926 0.113291 0.018588 0.993388 -0.006848 0.000000 0.000000 0.000000 1.000000
0.993155 -0.031546 -0.112466 0.002127 0.022127 0.996217 -0.084034 0.115239 0.114691 0.080970 0.990096 -0.010088 0.000000 0.000000 0.000000 1.000000
0.993315 -0.039389 -0.108505 0.002367 0.022629 0.988188 -0.151569 0.110757 0.113193 0.148100 0.982473 -0.013198 0.000000 0.000000 0.000000 1.000000
0.993492 -0.036818 -0.107787 0.002547 0.013731 0.978129 -0.207546 0.105421 0.113071 0.204715 0.972269 -0.016012 0.000000 0.000000 0.000000 1.000000
0.993751 -0.022769 -0.109275 0.002720 -0.005559 0.967664 -0.252183 0.099632 0.111483 0.251214 0.961490 -0.018489 0.000000 0.000000 0.000000 1.000000
0.993972 0.000269 -0.109633 0.002893 -0.032563 0.955593 -0.292885 0.093972 0.104686 0.294689 0.949842 -0.020523 0.000000 0.000000 0.000000 1.000000
0.994142 0.024896 -0.105176 0.003040 -0.059453 0.938623 -0.339783 0.089040 0.090261 0.344046 0.934604 -0.021933 0.000000 0.000000 0.000000 1.000000
0.994825 0.034972 -0.095390 0.003155 -0.069587 0.918637 -0.388925 0.084886 0.074027 0.393551 0.916317 -0.022595 0.000000 0.000000 0.000000 1.000000
0.995945 0.032650 -0.083826 0.003223 -0.065631 0.901000 -0.428827 0.081448 0.061526 0.432589 0.899489 -0.022616 0.000000 0.000000 0.000000 1.000000
0.996925 0.027515 -0.073370 0.003296 -0.058072 0.888078 -0.456011 0.078827 0.052612 0.458869 0.886945 -0.021964 0.000000 0.000000 0.000000 1.000000
0.997437 0.024707 -0.067149 0.003439 -0.053331 0.882372 -0.467520 0.077063 0.047699 0.469903 0.881429 -0.020662 0.000000 0.000000 0.000000 1.000000
0.997500 0.023008 -0.066812 0.003695 -0.051212 0.886869 -0.459174 0.076205 0.048689 0.461448 0.885830 -0.018861 0.000000 0.000000 0.000000 1.000000
0.997277 0.014536 -0.072305 0.003937 -0.043789 0.905577 -0.421915 0.076970 0.059345 0.423932 0.903748 -0.017123 0.000000 0.000000 0.000000 1.000000
0.996820 0.002013 -0.079663 0.003951 -0.031175 0.929860 -0.366591 0.079717 0.073338 0.367908 0.926965 -0.015670 0.000000 0.000000 0.000000 1.000000
0.996417 -0.010784 -0.083883 0.003686 -0.015258 0.952642 -0.303710 0.084214 0.083186 0.303901 0.949065 -0.014186 0.000000 0.000000 0.000000 1.000000
0.996499 -0.022651 -0.080475 0.003209 0.002749 0.970954 -0.239249 0.090326 0.083557 0.238191 0.967617 -0.012341 0.000000 0.000000 0.000000 1.000000
0.997116 -0.034986 -0.067349 0.002694 0.022817 0.984546 -0.173634 0.098190 0.072383 0.171597 0.982505 -0.009927 0.000000 0.000000 0.000000 1.000000
0.997567 -0.051649 -0.046828 0.002378 0.046533 0.993443 -0.104429 0.108620 0.051914 0.101996 0.993429 -0.007060 0.000000 0.000000 0.000000 1.000000
0.997212 -0.069279 -0.027738 0.002406 0.067811 0.996405 -0.050773 0.121689 0.031155 0.048751 0.998325 -0.003501 0.000000 0.000000 0.000000 1.000000
0.996818 -0.078775 -0.012162 0.002638 0.078152 0.995915 -0.045224 0.133573 0.015675 0.044130 0.998903 0.000247 0.000000 0.000000 0.000000 1.000000
0.996911 -0.078525 0.001789 0.002837 0.078369 0.992899 -0.089498 0.143276 0.005252 0.089361 0.995985 0.003002 0.000000 0.000000 0.000000 1.000000
0.996977 -0.075929 0.016500 0.002767 0.077543 0.985801 -0.148941 0.152956 -0.004957 0.149770 0.988708 0.003281 0.000000 0.000000 0.000000 1.000000
0.997059 -0.071662 0.027156 0.002517 0.075126 0.983980 -0.161680 0.163266 -0.015135 0.163245 0.986470 0.001151 0.000000 0.000000 0.000000 1.000000
0.997597 -0.063647 0.027388 0.002118 0.067234 0.984740 -0.160521 0.171294 -0.016753 0.161977 0.986652 -0.001936 0.000000 0.000000 0.000000 1.000000
0.998487 -0.051490 0.019307 0.001699 0.054130 0.982162 -0.180079 0.177013 -0.009690 0.180851 0.983463 -0.005445 0.000000 0.000000 0.000000 1.000000
0.999206 -0.038847 0.008851 0.001369 0.039843 0.974485 -0.220889 0.180451 -0.000044 0.221066 0.975259 -0.008970 0.000000 0.000000 0.000000 1.000000
0.999547 -0.029644 0.005185 0.001183 0.030001 0.967966 -0.249283 0.181449 0.002371 0.249326 0.968417 -0.012046 0.000000 0.000000 0.000000 1.000000
0.999811 -0.017459 0.008495 0.001092 0.018938 0.973393 -0.228359 0.180625 -0.004282 0.228477 0.973540 -0.013495 0.000000 0.000000 0.000000 1.000000
0.999927 -0.001593 0.011971 0.001003 0.003795 0.982493 -0.186258 0.179107 -0.011464 0.186290 0.982428 -0.013732 0.000000 0.000000 0.000000 1.000000
0.999794 0.014664 0.014021 0.000885 -0.012163 0.986335 -0.164300 0.177572 -0.016238 0.164096 0.986311 -0.013425 0.000000 0.000000 0.000000 1.000000
0.999486 0.028113 0.015420 0.000806 -0.024815 0.982754 -0.183246 0.176118 -0.020306 0.182769 0.982946 -0.012753 0.000000 0.000000 0.000000 1.000000
0.999114 0.036896 0.020268 0.000901 -0.031126 0.971637 -0.234421 0.174237 -0.028343 0.233583 0.971924 -0.011380 0.000000 0.000000 0.000000 1.000000
0.998655 0.043574 0.028086 0.001212 -0.034220 0.961051 -0.274243 0.170805 -0.038942 0.272913 0.961250 -0.009168 0.000000 0.000000 0.000000 1.000000
0.998198 0.052630 0.028819 0.001616 -0.042338 0.958104 -0.283274 0.165459 -0.042521 0.281543 0.958606 -0.006623 0.000000 0.000000 0.000000 1.000000
0.997721 0.064218 0.020695 0.002079 -0.056102 0.960015 -0.274269 0.158334 -0.037480 0.272483 0.961430 -0.004113 0.000000 0.000000 0.000000 1.000000
0.997001 0.076689 0.010396 0.002615 -0.071147 0.961123 -0.266797 0.149335 -0.030453 0.265257 0.963697 -0.002017 0.000000 0.000000 0.000000 1.000000
0.996208 0.086351 0.010630 0.003262 -0.079967 0.956922 -0.279116 0.138100 -0.034274 0.277207 0.960199 -0.000739 0.000000 0.000000 0.000000 1.000000
0.995173 0.092942 0.031512 0.003943 -0.079015 0.949263 -0.304395 0.124330 -0.058205 0.300436 0.952024 -0.000832 0.000000 0.000000 0.000000 1.000000
0.993304 0.099835 0.058134 0.004385 -0.076706 0.946214 -0.314318 0.110050 -0.086387 0.307755 0.947536 -0.002677 0.000000 0.000000 0.000000 1.000000
0.991444 0.104174 0.078655 0.004653 -0.075591 0.949453 -0.304671 0.097396 -0.106419 0.296119 0.949204 -0.005251 0.000000 0.000000 0.000000 1.000000
0.990110 0.106182 0.091694 0.004860 -0.075903 0.955097 -0.286407 0.087769 -0.117988 0.276615 0.953710 -0.007505 0.000000 0.000000 0.000000 1.000000
0.988264 0.109630 0.106377 0.005087 -0.076032 0.957007 -0.279924 0.081552 -0.132491 0.268550 0.954110 -0.008829 0.000000 0.000000 0.000000 1.000000
0.983788 0.116909 0.135993 0.005209 -0.073559 0.954638 -0.288539 0.077692 -0.163557 0.273858 0.947761 -0.010390 0.000000 0.000000 0.000000 1.000000
0.979881 0.116698 0.161912 0.005313 -0.063651 0.951606 -0.300658 0.075429 -0.189163 0.284303 0.939888 -0.011993 0.000000 0.000000 0.000000 1.000000
0.979281 0.110141 0.169932 0.005290 -0.052129 0.947983 -0.314025 0.074414 -0.195679 0.298660 0.934083 -0.013308 0.000000 0.000000 0.000000 1.000000
0.981287 0.103752 0.162208 0.005076 -0.045438 0.943396 -0.328540 0.074406 -0.187113 0.315022 0.930457 -0.014168 0.000000 0.000000 0.000000 1.000000
0.982100 0.107175 0.154900 0.004697 -0.048303 0.938147 -0.342852 0.075232 -0.182064 0.329232 0.926530 -0.014640 0.000000 0.000000 0.000000 1.000000
0.980890 0.119161 0.153801 0.004315 -0.059099 0.935633 -0.347992 0.076799 -0.185368 0.332253 0.924796 -0.015042 0.000000 0.000000 0.000000 1.000000
0.980225 0.130646 0.148631 0.003942 -0.072328 0.935654 -0.345429 0.079161 -0.184196 0.327848 0.926600 -0.015490 0.000000 0.000000 0.000000 1.000000
0.980265 0.140126 0.139449 0.003471 -0.085597 0.936693 -0.339528 0.082171 -0.178198 0.320891 0.930201 -0.015697 0.000000 0.000000 0.000000 1.000000
0.980406 0.148190 0.129786 0.002829 -0.097972 0.938398 -0.331378 0.085660 -0.170897 0.312169 0.934529 -0.015491 0.000000 0.000000 0.000000 1.000000
0.979967 0.155324 0.124659 0.002021 -0.108863 0.941890 -0.317794 0.089517 -0.166776 0.297856 0.939929 -0.014917 0.000000 0.000000 0.000000 1.000000
0.980544 0.153425 0.122447 0.001261 -0.112298 0.950063 -0.291152 0.094022 -0.161003 0.271737 0.948808 -0.014377 0.000000 0.000000 0.000000 1.000000
0.983489 0.136594 0.118705 0.000683 -0.103108 0.962025 -0.252737 0.099307 -0.148720 0.236325 0.960226 -0.013890 0.000000 0.000000 0.000000 1.000000
0.987556 0.111621 0.110789 0.000249 -0.086004 0.973091 -0.213770 0.105083 -0.131669 0.201581 0.970581 -0.013381 0.000000 0.000000 0.000000 1.000000
0.991275 0.087110 0.098925 -0.000106 -0.067822 0.980606 -0.183882 0.110893 -0.113025 0.175568 0.977958 -0.012794 0.000000 0.000000 0.000000 1.000000
0.993913 0.069655 0.085349 -0.000437 -0.054724 0.984565 -0.166241 0.116220 -0.095611 0.160559 0.982385 -0.012103 0.000000 0.000000 0.000000 1.000000
0.996072 0.054479 0.069800 -0.000724 -0.043838 0.988339 -0.145821 0.120834 -0.076930 0.142188 0.986846 -0.011227 0.000000 0.000000 0.000000 1.000000
0.998016 0.040375 0.048312 -0.000900 -0.034558 0.992682 -0.115706 0.124221 -0.052630 0.113807 0.992108 -0.010086 0.000000 0.000000 0.000000 1.000000
0.999321 0.031416 0.019242 -0.001016 -0.029690 0.996006 -0.084205 0.126480 -0.021811 0.083577 0.996263 -0.008829 0.000000 0.000000 0.000000 1.000000
0.999448 0.029234 -0.015752 -0.001117 -0.030101 0.997864 -0.057975 0.127764 0.014023 0.058417 0.998194 -0.007618 0.000000 0.000000 0.000000 1.000000
0.998114 0.031966 -0.052401 -0.001225 -0.033998 0.998686 -0.038346 0.128215 0.051106 0.040055 0.997890 -0.006580 0.000000 0.000000 0.000000 1.000000
0.995811 0.036438 -0.083861 -0.001334 -0.037945 0.999145 -0.016438 0.128130 0.083191 0.019551 0.996342 -0.005772 0.000000 0.000000 0.000000 1.000000
0.993537 0.044403 -0.104464 -0.001416 -0.043376 0.998986 0.012083 0.128020 0.104895 -0.007474 0.994455 -0.005110 0.000000 0.000000 0.000000 1.000000
0.992181 0.053649 -0.112688 -0.001448 -0.049152 0.997895 0.042313 0.127981 0.114721 -0.036443 0.992729 -0.004471 0.000000 0.000000 0.000000 1.000000
0.991981 0.060530 -0.110949 -0.001410 -0.053289 0.996321 0.067115 0.128040 0.114603 -0.060665 0.991557 -0.003774 0.000000 0.000000 0.000000 1.000000
0.992581 0.061996 -0.104587 -0.001294 -0.053734 0.995342 0.080049 0.128190 0.109063 -0.073835 0.991289 -0.003010 0.000000 0.000000 0.000000 1.000000
0.993573 0.059108 -0.096533 -0.001101 -0.051242 0.995312 0.082026 0.128279 0.100929 -0.076553 0.991944 -0.002252 0.000000 0.000000 0.000000 1.000000
0.994241 0.057380 -0.090508 -0.000887 -0.049939 0.995345 0.082431 0.128277 0.094817 -0.077437 0.992478 -0.001604 0.000000 0.000000 0.000000 1.000000
0.994323 0.058039 -0.089178 -0.000671 -0.050620 0.995237 0.083316 0.128217 0.093589 -0.078329 0.992525 -0.001078 0.000000 0.000000 0.000000 1.000000
0.993922 0.060466 -0.091992 -0.000469 -0.052806 0.995105 0.083533 0.128152 0.096593 -0.078167 0.992250 -0.000670 0.000000 0.000000 0.000000 1.000000
0.993455 0.062872 -0.095362 -0.000296 -0.055287 0.995244 0.080200 0.128135 0.099951 -0.074403 0.992207 -0.000360 0.000000 0.000000 0.000000 1.000000
0.993373 0.064395 -0.095207 -0.000175 -0.057437 0.995595 0.074104 0.128187 0.099559 -0.068144 0.992695 -0.000122 0.000000 0.000000 0.000000 1.000000
0.993542 0.065488 -0.092660 -0.000097 -0.059293 0.995914 0.068108 0.128272 0.096741 -0.062174 0.993366 0.000078 0.000000 0.000000 0.000000 1.000000</float_array>
        <technique_common>
          <accessor source="#mixamorig_Hips-Matrix-animation-output-transform-array" count="78" stride="16">
            <param type="float4x4"/>
          </accessor>
        </technique_common>
      </source>
      <source id="mixamorig_Hips-Interpolations">
        <Name_array id="mixamorig_Hips-Interpolations-array" count="78">
 LINEAR LINEAR LINEAR LINEAR LINEAR LINEAR LINEAR LINEAR LINEAR LINEAR LINEAR
LINEAR LINEAR LINEAR LINEAR LINEAR LINEAR LINEAR LINEAR LINEAR LINEAR LINEAR LINEAR
LINEAR LINEAR LINEAR LINEAR LINEAR LINEAR LINEAR LINEAR LINEAR LINEAR LINEAR LINEAR
LINEAR LINEAR LINEAR LINEAR LINEAR LINEAR LINEAR LINEAR LINEAR LINEAR LINEAR LINEAR
LINEAR LINEAR LINEAR LINEAR LINEAR LINEAR LINEAR LINEAR LINEAR LINEAR LINEAR LINEAR
LINEAR LINEAR LINEAR LINEAR LINEAR LINEAR LINEAR LINEAR LINEAR LINEAR LINEAR LINEAR
LINEAR LINEAR LINEAR LINEAR LINEAR LINEAR LINEAR</Name_array>
        <technique_common>
          <accessor source="#mixamorig_Hips-Interpolations-array" count="78">
            <param type="name"/>
          </accessor>
        </technique_common>
      </source>
      <sampler id="mixamorig_Hips-Matrix-animation-transform">
        <input semantic="INPUT" source="#mixamorig_Hips-Matrix-animation-input"/>
        <input semantic="OUTPUT" source="#mixamorig_Hips-Matrix-animation-output-transform"/>
        <input semantic="INTERPOLATION" source="#mixamorig_Hips-Interpolations"/>
      </sampler>
      <channel source="#mixamorig_Hips-Matrix-animation-transform" target="mixamorig_Hips/matrix"/>
    </animation>
    <animation id="mixamorig_Spine-anim" name="mixamorig_Spine">
      <source id="mixamorig_Spine-Matrix-animation-input">
        <float_array id="mixamorig_Spine-Matrix-animation-input-array" count="78">

0.000000 0.033333 0.066667 0.100000 0.133333 0.166667 0.200000 0.233333 0.266667 0.300000 0.333333 0.366667 0.400000 0.433333 0.466667 0.500000
0.533333 0.566667 0.600000 0.633333 0.666667 0.700000 0.733333 0.766667 0.800000 0.833333 0.866667 0.900000 0.933333 0.966667 1.000000 1.033333
1.066667 1.100000 1.133333 1.166667 1.200000 1.233333 1.266667 1.300000 1.333333 1.366667 1.400000 1.433333 1.466667 1.500000 1.533333 1.566667
1.600000 1.633333 1.666667 1.700000 1.733333 1.766667 1.800000 1.833333 1.866667 1.900000 1.933333 1.966667 2.000000 2.033333 2.066667 2.100000
2.133333 2.166667 2.200000 2.233333 2.266667 2.300000 2.333333 2.366667 2.400000 2.433333 2.466667 2.500000 2.533333 2.566667</float_array>
        <technique_common>
          <accessor source="#mixamorig_Spine-Matrix-animation-input-array" count="78">
            <param name="TIME" type="float"/>
          </accessor>
        </technique_common>
      </source>
      <source id="mixamorig_Spine-Matrix-animation-output-transform">
        <float_array id="mixamorig_Spine-Matrix-animation-output-transform-array" count="1248">

0.998473 -0.049117 0.025275 0.000000 0.049734 0.998466 -0.024350 0.008500 -0.024040 0.025570 0.999384 -0.000300 0.000000 0.000000 0.000000 1.000000
0.998749 -0.043809 0.024097 0.000000 0.045307 0.996820 -0.065560 0.008500 -0.021148 0.066570 0.997558 -0.000300 0.000000 0.000000 0.000000 1.000000
0.999236 -0.032905 0.021067 0.000000 0.035186 0.992264 -0.119054 0.008500 -0.016987 0.119705 0.992664 -0.000300 0.000000 0.000000 0.000000 1.000000
0.999761 -0.014699 0.016154 -0.000000 0.017321 0.984144 -0.176523 0.008500 -0.013303 0.176761 0.984164 -0.000300 0.000000 0.000000 0.000000 1.000000
0.999907 0.008558 0.010658 0.000000 -0.005891 0.973424 -0.228936 0.008500 -0.012334 0.228852 0.973383 -0.000300 0.000000 0.000000 0.000000 1.000000
0.999480 0.031353 0.007539 0.000000 -0.028118 0.961816 -0.272248 0.008500 -0.015787 0.271895 0.962197 -0.000300 0.000000 0.000000 0.000000 1.000000
0.998865 0.047021 0.007559 -0.000000 -0.042172 0.947036 -0.318347 0.008500 -0.022128 0.317667 0.947944 -0.000300 0.000000 0.000000 0.000000 1.000000
0.998661 0.051455 0.005299 0.000000 -0.045628 0.924529 -0.378371 0.008500 -0.024368 0.377622 0.925639 -0.000300 0.000000 0.000000 0.000000 1.000000
0.999109 0.042191 -0.000906 -0.000000 -0.038186 0.894705 -0.445022 0.008500 -0.017966 0.444660 0.895519 -0.000300 0.000000 0.000000 0.000000 1.000000
0.999708 0.022867 -0.007851 0.000000 -0.023693 0.862010 -0.506338 0.008500 -0.004811 0.506376 0.862300 -0.000300 0.000000 0.000000 0.000000 1.000000
0.999929 0.004355 -0.011117 0.000000 -0.009758 0.834599 -0.550771 0.008500 0.006880 0.550841 0.834582 -0.000300 0.000000 0.000000 0.000000 1.000000
0.999968 0.000963 -0.007972 0.000000 -0.005400 0.815394 -0.578882 0.008500 0.005943 0.578906 0.815373 -0.000300 0.000000 0.000000 0.000000 1.000000
0.999956 0.009166 -0.001965 0.000000 -0.008515 0.800594 -0.599147 0.008500 -0.003919 0.599138 0.800637 -0.000300 0.000000 0.000000 0.000000 1.000000
0.999822 0.018309 0.004620 -0.000000 -0.011664 0.791229 -0.611409 0.008500 -0.014850 0.611246 0.791301 -0.000300 0.000000 0.000000 0.000000 1.000000
0.999709 0.021404 0.011084 -0.000000 -0.010047 0.788020 -0.615567 0.008500 -0.021910 0.615277 0.788006 -0.000300 0.000000 0.000000 0.000000 1.000000
0.999689 0.017915 0.017347 0.000000 -0.003530 0.790290 -0.612722 0.008500 -0.024687 0.612471 0.790108 -0.000300 0.000000 0.000000 0.000000 1.000000
0.999607 0.016363 0.022761 0.000000 0.000737 0.796353 -0.604832 0.008500 -0.028023 0.604611 0.796028 -0.000300 0.000000 0.000000 0.000000 1.000000
0.999462 0.020032 0.025966 -0.000000 -0.001069 0.811244 -0.584707 0.008500 -0.032778 0.584365 0.810829 -0.000300 0.000000 0.000000 0.000000 1.000000
0.999300 0.027681 0.025152 0.000000 -0.009390 0.836627 -0.547693 0.008500 -0.036204 0.547074 0.836301 -0.000300 0.000000 0.000000 0.000000 1.000000
0.999121 0.036862 0.019955 -0.000000 -0.021878 0.864681 -0.501845 0.008500 -0.035753 0.500967 0.864727 -0.000300 0.000000 0.000000 0.000000 1.000000
0.998977 0.043987 0.010537 0.000000 -0.033970 0.883436 -0.467318 0.008500 -0.029864 0.466482 0.884026 -0.000300 0.000000 0.000000 0.000000 1.000000
0.999021 0.044153 -0.002705 0.000000 -0.040546 0.889535 -0.455064 0.008500 -0.017686 0.454728 0.890455 -0.000300 0.000000 0.000000 0.000000 1.000000
0.999151 0.038424 -0.014865 -0.000000 -0.041126 0.908732 -0.415349 0.008500 -0.002451 0.415608 0.909541 -0.000300 0.000000 0.000000 0.000000 1.000000
0.999274 0.030564 -0.022724 -0.000000 -0.036217 0.947178 -0.318657 0.008500 0.011784 0.319249 0.947598 -0.000300 0.000000 0.000000 0.000000 1.000000
0.999257 0.024898 -0.029435 -0.000000 -0.029940 0.982166 -0.185619 0.008500 0.024289 0.186362 0.982181 -0.000300 0.000000 0.000000 0.000000 1.000000
0.998922 0.024334 -0.039534 0.000000 -0.027904 0.995330 -0.092412 0.008500 0.037101 0.093416 0.994936 -0.000300 0.000000 0.000000 0.000000 1.000000
0.998620 0.016542 -0.049841 -0.000000 -0.022356 0.992708 -0.118455 0.008500 0.047518 0.119405 0.991708 -0.000300 0.000000 0.000000 0.000000 1.000000
0.998814 0.002594 -0.048624 0.000000 -0.013051 0.976307 -0.215996 0.008500 0.046911 0.216374 0.975183 -0.000300 0.000000 0.000000 0.000000 1.000000
0.999447 -0.011989 -0.031005 0.000000 0.000749 0.940587 -0.339551 0.008500 0.033234 0.339340 0.940077 -0.000300 0.000000 0.000000 0.000000 1.000000
0.999771 -0.021259 -0.002295 -0.000000 0.017788 0.886468 -0.462449 0.008500 0.011866 0.462302 0.886643 -0.000300 0.000000 0.000000 0.000000 1.000000
0.999375 -0.024859 0.025148 0.000000 0.034829 0.814923 -0.578522 0.008500 -0.006112 0.579036 0.815279 -0.000300 0.000000 0.000000 0.000000 1.000000
0.998715 -0.026233 0.043359 0.000000 0.048743 0.731364 -0.680244 0.008500 -0.013867 0.681483 0.731703 -0.000300 0.000000 0.000000 0.000000 1.000000
0.998377 -0.023820 0.051725 0.000000 0.054491 0.663448 -0.746235 0.008500 -0.016541 0.747843 0.663670 -0.000300 0.000000 0.000000 0.000000 1.000000
0.998356 -0.020530 0.053507 0.000000 0.054110 0.645292 -0.762017 0.008500 -0.018884 0.763660 0.645343 -0.000300 0.000000 0.000000 0.000000 1.000000
0.998352 -0.019784 0.053866 0.000000 0.052683 0.688109 -0.723692 0.008500 -0.022748 0.725338 0.688017 -0.000300 0.000000 0.000000 0.000000 1.000000
0.998042 -0.026231 0.056775 0.000000 0.056350 0.770985 -0.634355 0.008500 -0.027132 0.636313 0.770954 -0.000300 0.000000 0.000000 0.000000 1.000000
0.997291 -0.039001 0.062372 -0.000000 0.065856 0.851148 -0.520778 0.008500 -0.032777 0.523475 0.851411 -0.000300 0.000000 0.000000 0.000000 1.000000
0.996570 -0.051151 0.065059 0.000000 0.073918 0.903681 -0.421778 0.008500 -0.037218 0.425140 0.904362 -0.000300 0.000000 0.000000 0.000000 1.000000
0.996290 -0.060359 0.061337 0.000000 0.078014 0.934346 -0.347724 0.008500 -0.036322 0.351219 0.935588 -0.000300 0.000000 0.000000 0.000000 1.000000
0.996378 -0.067380 0.051867 0.000000 0.079808 0.951541 -0.296984 0.008500 -0.029343 0.300048 0.953473 -0.000300 0.000000 0.000000 0.000000 1.000000
0.996217 -0.076446 0.041332 0.000000 0.084738 0.960022 -0.266791 0.008500 -0.019285 0.269284 0.962868 -0.000300 0.000000 0.000000 0.000000 1.000000
0.994829 -0.093500 0.039654 0.000000 0.101038 0.950750 -0.293029 0.008500 -0.010303 0.295520 0.955281 -0.000300 0.000000 0.000000 0.000000 1.000000
0.992349 -0.114310 0.046654 0.000000 0.123451 0.913181 -0.388408 0.008500 0.001796 0.391195 0.920306 -0.000300 0.000000 0.000000 0.000000 1.000000
0.991081 -0.121321 0.055132 -0.000000 0.132261 0.844942 -0.518247 0.008500 0.016291 0.520917 0.853452 -0.000300 0.000000 0.000000 0.000000 1.000000
0.992257 -0.110822 0.056076 -0.000000 0.120873 0.757794 -0.641200 0.008500 0.028565 0.643013 0.765322 -0.000300 0.000000 0.000000 0.000000 1.000000
0.994426 -0.092366 0.050857 0.000000 0.100156 0.676664 -0.729448 0.008500 0.032963 0.730476 0.682143 -0.000300 0.000000 0.000000 0.000000 1.000000
0.994312 -0.091613 0.054314 0.000000 0.098720 0.601422 -0.792809 0.008500 0.039966 0.793661 0.607046 -0.000300 0.000000 0.000000 0.000000 1.000000
0.992552 -0.100874 0.068299 0.000000 0.111368 0.524145 -0.844316 0.008500 0.049371 0.845634 0.531475 -0.000300 0.000000 0.000000 0.000000 1.000000
0.991076 -0.101138 0.086831 -0.000000 0.123842 0.457640 -0.880471 0.008500 0.049311 0.883367 0.466082 -0.000300 0.000000 0.000000 0.000000 1.000000
0.991182 -0.088540 0.098588 0.000000 0.126745 0.416398 -0.900305 0.008500 0.038661 0.904861 0.423948 -0.000300 0.000000 0.000000 0.000000 1.000000
0.992492 -0.075680 0.096089 -0.000000 0.118762 0.408335 -0.905073 0.008500 0.029260 0.909689 0.414257 -0.000300 0.000000 0.000000 0.000000 1.000000
0.993345 -0.081631 0.081252 0.000000 0.108465 0.425740 -0.898321 0.008500 0.038738 0.901156 0.431760 -0.000300 0.000000 0.000000 0.000000 1.000000
0.993335 -0.094591 0.065868 0.000000 0.102183 0.458234 -0.882939 0.008500 0.053335 0.883784 0.464845 -0.000300 0.000000 0.000000 0.000000 1.000000
0.993223 -0.102889 0.054046 0.000000 0.099475 0.512125 -0.853131 0.008500 0.060099 0.852726 0.518890 -0.000300 0.000000 0.000000 0.000000 1.000000
0.993574 -0.103265 0.046327 0.000000 0.098482 0.587076 -0.803519 0.008500 0.055778 0.802919 0.593473 -0.000300 0.000000 0.000000 0.000000 1.000000
0.994182 -0.100227 0.039458 0.000000 0.096899 0.672203 -0.733998 0.008500 0.047043 0.733551 0.678004 -0.000300 0.000000 0.000000 0.000000 1.000000
0.994900 -0.096029 0.030855 0.000000 0.092335 0.743993 -0.661777 0.008500 0.040594 0.661251 0.749066 -0.000300 0.000000 0.000000 0.000000 1.000000
0.996189 -0.084426 0.021880 0.000000 0.080578 0.794943 -0.601309 0.008500 0.033373 0.600780 0.798717 -0.000300 0.000000 0.000000 0.000000 1.000000
0.997729 -0.065620 0.015227 -0.000000 0.063178 0.833091 -0.549517 0.008500 0.023374 0.549230 0.835344 -0.000300 0.000000 0.000000 0.000000 1.000000
0.998945 -0.044222 0.012370 0.000000 0.044500 0.865811 -0.498388 0.008500 0.011329 0.498413 0.866866 -0.000300 0.000000 0.000000 0.000000 1.000000
0.999550 -0.027089 0.012858 0.000000 0.029983 0.897123 -0.440763 0.008500 0.000404 0.440950 0.897531 -0.000300 0.000000 0.000000 0.000000 1.000000
0.999784 -0.014802 0.014570 -0.000000 0.019268 0.922868 -0.384635 0.008500 -0.007752 0.384833 0.922954 -0.000300 0.000000 0.000000 0.000000 1.000000
0.999815 -0.004610 0.018681 -0.000000 0.010609 0.942040 -0.335332 0.008500 -0.016052 0.335468 0.941915 -0.000300 0.000000 0.000000 0.000000 1.000000
0.999645 0.003145 0.026447 -0.000000 0.004665 0.956974 -0.290135 0.008500 -0.026221 0.290156 0.956620 -0.000300 0.000000 0.000000 0.000000 1.000000
0.999274 0.007496 0.037359 0.000000 0.001972 0.968973 -0.247160 0.008500 -0.038053 0.247054 0.968254 -0.000300 0.000000 0.000000 0.000000 1.000000
0.998782 0.007617 0.048756 0.000000 0.002685 0.978165 -0.207813 0.008500 -0.049274 0.207691 0.976953 -0.000300 0.000000 0.000000 0.000000 1.000000
0.998425 0.002867 0.056026 0.000000 0.007377 0.983312 -0.181778 0.008500 -0.055612 0.181905 0.981742 -0.000300 0.000000 0.000000 0.000000 1.000000
0.998258 -0.008624 0.058365 0.000000 0.018258 0.985853 -0.166615 0.008500 -0.056103 0.167391 0.984293 -0.000300 0.000000 0.000000 0.000000 1.000000
0.998128 -0.023812 0.056334 0.000000 0.032147 0.987854 -0.152026 0.008500 -0.052030 0.153552 0.986770 -0.000300 0.000000 0.000000 0.000000 1.000000
0.997985 -0.038049 0.050775 -0.000000 0.044395 0.990472 -0.130365 0.008500 -0.045331 0.132357 0.990165 -0.000300 0.000000 0.000000 0.000000 1.000000
0.998005 -0.046396 0.042808 0.000000 0.050474 0.993734 -0.099721 0.008500 -0.037913 0.101682 0.994094 -0.000300 0.000000 0.000000 0.000000 1.000000
0.998288 -0.048245 0.033082 0.000000 0.050482 0.996234 -0.070499 0.008500 -0.029556 0.072048 0.996963 -0.000300 0.000000 0.000000 0.000000 1.000000
0.998499 -0.048755 0.024970 0.000000 0.049991 0.997419 -0.051540 0.008500 -0.022393 0.052711 0.998359 -0.000300 0.000000 0.000000 0.000000 1.000000
0.998524 -0.049931 0.021387 0.000000 0.050802 0.997811 -0.042329 0.008500 -0.019226 0.043353 0.998875 -0.000300 0.000000 0.000000 0.000000 1.000000
0.998404 -0.051755 0.022616 0.000000 0.052602 0.997870 -0.038589 0.008500 -0.020570 0.039717 0.998999 -0.000300 0.000000 0.000000 0.000000 1.000000
0.998269 -0.052679 0.026151 0.000000 0.053568 0.997968 -0.034515 0.008500 -0.024280 0.035856 0.999062 -0.000300 0.000000 0.000000 0.000000 1.000000
0.998268 -0.051807 0.027859 -0.000000 0.052623 0.998182 -0.029391 0.008500 -0.026286 0.030806 0.999180 -0.000300 0.000000 0.000000 0.000000 1.000000
0.998391 -0.050108 0.026529 0.000000 0.050793 0.998376 -0.025810 0.008500 -0.025193 0.027116 0.999315 -0.000300 0.000000 0.000000 0.000000 1.000000</float_array>
        <technique_common>
          <accessor source="#mixamorig_Spine-Matrix-animation-output-transform-array" count="78" stride="16">
            <param type="float4x4"/>
          </accessor>
        </technique_common>
      </source>
      <source id="mixamorig_Spine-Interpolations">
        <Name_array id="mixamorig_Spine-Interpolations-array" count="78">
 LINEAR LINEAR LINEAR LINEAR LINEAR LINEAR LINEAR LINEAR LINEAR LINEAR LINEAR
LINEAR LINEAR LINEAR LINEAR LINEAR LINEAR LINEAR LINEAR LINEAR LINEAR LINEAR LINEAR
LINEAR LINEAR LINEAR LINEAR LINEAR LINEAR LINEAR LINEAR LINEAR LINEAR LINEAR LINEAR
LINEAR LINEAR LINEAR LINEAR LINEAR LINEAR LINEAR LINEAR LINEAR LINEAR LINEAR LINEAR
LINEAR LINEAR LINEAR LINEAR LINEAR LINEAR LINEAR LINEAR LINEAR LINEAR LINEAR LINEAR
LINEAR LINEAR LINEAR LINEAR LINEAR LINEAR LINEAR LINEAR LINEAR LINEAR LINEAR LINEAR
LINEAR LINEAR LINEAR LINEAR LINEAR LINEAR LINEAR</Name_array>
        <technique_common>
          <accessor source="#mixamorig_Spine-Interpolations-array" count="78">
            <param type="name"/>
          </accessor>
        </technique_common>
      </source>
      <sampler id="mixamorig_Spine-Matrix-animation-transform">
        <input semantic="INPUT" source="#mixamorig_Spine-Matrix-animation-input"/>
        <input semantic="OUTPUT" source="#mixamorig_Spine-Matrix-animation-output-transform"/>
        <input semantic="INTERPOLATION" source="#mixamorig_Spine-Interpolations"/>
      </sampler>
      <channel source="#mixamorig_Spine-Matrix-animation-transform" target="mixamorig_Spine/matrix"/>
    </animation>
    <animation id="mixamorig_Spine1-anim" name="mixamorig_Spine1">
      <source id="mixamorig_Spine1-Matrix-animation-input">
        <float_array id="mixamorig_Spine1-Matrix-animation-input-array" count="78">

0.000000 0.033333 0.066667 0.100000 0.133333 0.166667 0.200000 0.233333 0.266667 0.300000 0.333333 0.366667 0.400000 0.433333 0.466667 0.500000
0.533333 0.566667 0.600000 0.633333 0.666667 0.700000 0.733333 0.766667 0.800000 0.833333 0.866667 0.900000 0.933333 0.966667 1.000000 1.033333
1.066667 1.100000 1.133333 1.166667 1.200000 1.233333 1.266667 1.300000 1.333333 1.366667 1.400000 1.433333 1.466667 1.500000 1.533333 1.566667
1.600000 1.633333 1.666667 1.700000 1.733333 1.766667 1.800000 1.833333 1.866667 1.900000 1.933333 1.966667 2.000000 2.033333 2.066667 2.100000
2.133333 2.166667 2.200000 2.233333 2.266667 2.300000 2.333333 2.366667 2.400000 2.433333 2.466667 2.500000 2.533333 2.566667</float_array>
        <technique_common>
          <accessor source="#mixamorig_Spine1-Matrix-animation-input-array" count="78">
            <param name="TIME" type="float"/>
          </accessor>
        </technique_common>
      </source>
      <source id="mixamorig_Spine1-Matrix-animation-output-transform">
        <float_array id="mixamorig_Spine1-Matrix-animation-output-transform-array" count="1248">

0.999616 -0.027276 0.004844 -0.000000 0.027368 0.999425 -0.020012 0.009900 -0.004295 0.020137 0.999788 0.000000 0.000000 0.000000 0.000000 1.000000
0.999721 -0.023247 0.004292 -0.000000 0.023267 0.999718 -0.004740 0.009900 -0.004180 0.004839 0.999980 0.000000 0.000000 0.000000 0.000000 1.000000
0.999822 -0.018502 0.003722 0.000000 0.018464 0.999779 0.010006 0.009900 -0.003906 -0.009935 0.999943 0.000000 0.000000 0.000000 0.000000 1.000000
0.999894 -0.014184 0.003320 0.000000 0.014116 0.999705 0.019789 0.009900 -0.003600 -0.019740 0.999799 0.000000 0.000000 0.000000 0.000000 1.000000
0.999924 -0.011895 0.003254 0.000000 0.011821 0.999692 0.021815 0.009900 -0.003512 -0.021775 0.999757 0.000000 0.000000 0.000000 0.000000 1.000000
0.999907 -0.013120 0.003684 -0.000000 0.013058 0.999782 0.016319 0.009900 -0.003898 -0.016269 0.999860 0.000000 0.000000 0.000000 0.000000 1.000000
0.999830 -0.017918 0.004402 0.000000 0.017877 0.999799 0.009036 0.009900 -0.004563 -0.008956 0.999949 0.000000 0.000000 0.000000 0.000000 1.000000
0.999743 -0.022224 0.004503 0.000000 0.022202 0.999742 0.004831 0.009900 -0.004609 -0.004730 0.999978 0.000000 0.000000 0.000000 0.000000 1.000000
0.999727 -0.023113 0.003521 0.000000 0.023102 0.999728 0.003138 0.009900 -0.003592 -0.003055 0.999989 -0.000000 0.000000 0.000000 0.000000 1.000000
0.999787 -0.020568 0.001772 -0.000000 0.020563 0.999784 0.003034 0.009900 -0.001834 -0.002997 0.999994 -0.000000 0.000000 0.000000 0.000000 1.000000
0.999847 -0.017496 0.000278 -0.000000 0.017495 0.999838 0.004335 0.009900 -0.000354 -0.004330 0.999991 0.000000 0.000000 0.000000 0.000000 1.000000
0.999836 -0.018099 0.000116 -0.000000 0.018097 0.999791 0.009518 0.009900 -0.000288 -0.009514 0.999955 -0.000000 0.000000 0.000000 0.000000 1.000000
0.999763 -0.021734 0.000850 0.000000 0.021718 0.999642 0.015637 0.009900 -0.001189 -0.015615 0.999877 -0.000000 0.000000 0.000000 0.000000 1.000000
0.999656 -0.026155 0.001760 -0.000000 0.026117 0.999480 0.018888 0.009900 -0.002253 -0.018836 0.999820 0.000000 0.000000 0.000000 0.000000 1.000000
0.999569 -0.029265 0.002429 0.000000 0.029214 0.999398 0.018708 0.009900 -0.002975 -0.018629 0.999822 0.000000 0.000000 0.000000 0.000000 1.000000
0.999555 -0.029687 0.002765 -0.000000 0.029632 0.999398 0.018041 0.009900 -0.003299 -0.017951 0.999833 0.000000 0.000000 0.000000 0.000000 1.000000
0.999626 -0.027175 0.003063 -0.000000 0.027105 0.999414 0.020905 0.009900 -0.003630 -0.020814 0.999777 0.000000 0.000000 0.000000 0.000000 1.000000
0.999712 -0.023760 0.003366 -0.000000 0.023675 0.999445 0.023455 0.009900 -0.003921 -0.023368 0.999719 0.000000 0.000000 0.000000 0.000000 1.000000
0.999769 -0.021192 0.003474 0.000000 0.021099 0.999466 0.024948 0.009900 -0.004001 -0.024869 0.999683 0.000000 0.000000 0.000000 0.000000 1.000000
0.999808 -0.019342 0.003163 -0.000000 0.019240 0.999373 0.029734 0.009900 -0.003736 -0.029668 0.999553 0.000000 0.000000 0.000000 0.000000 1.000000
0.999869 -0.016008 0.002270 0.000000 0.015889 0.998843 0.045387 0.009900 -0.002994 -0.045345 0.998967 -0.000000 0.000000 0.000000 0.000000 1.000000
0.999976 -0.006939 0.000639 0.000000 0.006875 0.997400 0.071734 0.009900 -0.001135 -0.071728 0.997424 -0.000000 0.000000 0.000000 0.000000 1.000000
0.999986 0.005083 -0.001253 0.000000 -0.004959 0.996398 0.084653 0.009900 0.001678 -0.084646 0.996410 0.000000 0.000000 0.000000 0.000000 1.000000
0.999890 0.014496 -0.003066 -0.000000 -0.014238 0.997311 0.071896 0.009900 0.004100 -0.071844 0.997407 -0.000000 0.000000 0.000000 0.000000 1.000000
0.999821 0.018292 -0.004927 0.000000 -0.018090 0.999101 0.038333 0.009900 0.005624 -0.038237 0.999253 -0.000000 0.000000 0.000000 0.000000 1.000000
0.999830 0.017194 -0.006706 0.000000 -0.017168 0.999845 0.003800 0.009900 0.006770 -0.003684 0.999970 0.000000 0.000000 0.000000 0.000000 1.000000
0.999841 0.015757 -0.008408 0.000000 -0.015894 0.999737 -0.016548 0.009900 0.008145 0.016679 0.999828 0.000000 0.000000 0.000000 0.000000 1.000000
0.999831 0.015967 -0.009083 0.000000 -0.016169 0.999612 -0.022670 0.009900 0.008718 0.022813 0.999702 0.000000 0.000000 0.000000 0.000000 1.000000
0.999808 0.017679 -0.008417 0.000000 -0.017750 0.999807 -0.008454 0.009900 0.008266 0.008602 0.999929 0.000000 0.000000 0.000000 0.000000 1.000000
0.999779 0.019898 -0.006843 0.000000 -0.019718 0.999482 0.025416 0.009900 0.007345 -0.025276 0.999654 0.000000 0.000000 0.000000 0.000000 1.000000
0.999761 0.021126 -0.005606 0.000000 -0.020687 0.997383 0.069279 0.009900 0.007055 -0.069147 0.997582 0.000000 0.000000 0.000000 0.000000 1.000000
0.999810 0.018599 -0.005833 0.000000 -0.017912 0.994685 0.101391 0.009900 0.007688 -0.101267 0.994830 -0.000000 0.000000 0.000000 0.000000 1.000000
0.999898 0.012450 -0.007044 -0.000000 -0.011547 0.993152 0.116255 0.009900 0.008443 -0.116162 0.993194 0.000000 0.000000 0.000000 0.000000 1.000000
0.999944 0.006129 -0.008589 -0.000000 -0.005087 0.993174 0.116532 0.009900 0.009244 -0.116482 0.993150 0.000000 0.000000 0.000000 0.000000 1.000000
0.999946 0.002839 -0.009989 -0.000000 -0.001768 0.994399 0.105673 0.009900 0.010233 -0.105649 0.994351 0.000000 0.000000 0.000000 0.000000 1.000000
0.999927 0.004259 -0.011315 -0.000000 -0.003263 0.996238 0.086603 0.009900 0.011642 -0.086559 0.996179 0.000000 0.000000 0.000000 0.000000 1.000000
0.999889 0.007204 -0.013005 0.000000 -0.006374 0.998007 0.062776 0.009900 0.013431 -0.062687 0.997943 0.000000 0.000000 0.000000 0.000000 1.000000
0.999854 0.007374 -0.015393 0.000000 -0.006741 0.999145 0.040797 0.009900 0.015680 -0.040687 0.999049 0.000000 0.000000 0.000000 0.000000 1.000000
0.999819 0.004246 -0.018525 0.000000 -0.003830 0.999740 0.022473 0.009900 0.018615 -0.022398 0.999576 0.000000 0.000000 0.000000 0.000000 1.000000
0.999753 -0.001177 -0.022186 0.000000 0.001400 0.999949 0.010044 0.009900 0.022173 -0.010072 0.999703 0.000000 0.000000 0.000000 0.000000 1.000000
0.999638 -0.006929 -0.026001 0.000000 0.007120 0.999948 0.007268 0.009900 0.025949 -0.007451 0.999636 0.000000 0.000000 0.000000 0.000000 1.000000
0.999502 -0.011119 -0.029533 0.000000 0.011804 0.999663 0.023118 0.009900 0.029266 -0.023455 0.999296 0.000000 0.000000 0.000000 0.000000 1.000000
0.999368 -0.013984 -0.032691 0.000000 0.015534 0.998743 0.047666 0.009900 0.031983 -0.048144 0.998328 0.000000 0.000000 0.000000 0.000000 1.000000
0.999164 -0.020471 -0.035381 -0.000000 0.022803 0.997505 0.066811 0.009900 0.033925 -0.067562 0.997138 0.000000 0.000000 0.000000 0.000000 1.000000
0.998734 -0.033167 -0.037820 -0.000000 0.035995 0.996401 0.076737 0.009900 0.035139 -0.078001 0.996334 0.000000 0.000000 0.000000 0.000000 1.000000
0.997919 -0.050261 -0.040382 -0.000000 0.053564 0.994909 0.085364 0.009900 0.035886 -0.087350 0.995531 0.000000 0.000000 0.000000 0.000000 1.000000
0.997202 -0.060986 -0.043238 0.000000 0.065302 0.992147 0.106678 0.009900 0.036393 -0.109203 0.993353 0.000000 0.000000 0.000000 0.000000 1.000000
0.996893 -0.064445 -0.045301 0.000000 0.069844 0.989056 0.129960 0.009900 0.036430 -0.132720 0.990484 0.000000 0.000000 0.000000 0.000000 1.000000
0.996736 -0.066492 -0.045794 0.000000 0.072435 0.986996 0.143498 0.009900 0.035657 -0.146347 0.988590 -0.000000 0.000000 0.000000 0.000000 1.000000
0.996537 -0.069819 -0.045152 0.000000 0.075656 0.986669 0.144084 0.009900 0.034490 -0.147001 0.988535 -0.000000 0.000000 0.000000 0.000000 1.000000
0.996387 -0.072279 -0.044595 -0.000000 0.077795 0.987398 0.137818 0.009900 0.034071 -0.140789 0.989453 0.000000 0.000000 0.000000 0.000000 1.000000
0.996733 -0.067098 -0.044952 0.000000 0.072587 0.988274 0.134336 0.009900 0.035411 -0.137160 0.989916 0.000000 0.000000 0.000000 0.000000 1.000000
0.997275 -0.058238 -0.045287 0.000000 0.063766 0.989179 0.132130 0.009900 0.037102 -0.134658 0.990197 0.000000 0.000000 0.000000 0.000000 1.000000
0.997666 -0.051418 -0.044938 0.000000 0.056639 0.990678 0.123894 0.009900 0.038149 -0.126150 0.991277 0.000000 0.000000 0.000000 0.000000 1.000000
0.997843 -0.048835 -0.043868 0.000000 0.053240 0.992982 0.105606 0.009900 0.038402 -0.107714 0.993440 0.000000 0.000000 0.000000 0.000000 1.000000
0.997924 -0.048423 -0.042469 0.000000 0.051664 0.995545 0.078870 0.009900 0.038461 -0.080901 0.995980 0.000000 0.000000 0.000000 0.000000 1.000000
0.998117 -0.045537 -0.041084 -0.000000 0.047733 0.997392 0.054145 0.009900 0.038512 -0.056004 0.997688 0.000000 0.000000 0.000000 0.000000 1.000000
0.998375 -0.041076 -0.039491 -0.000000 0.042617 0.998330 0.039012 0.009900 0.037822 -0.040632 0.998458 0.000000 0.000000 0.000000 0.000000 1.000000
0.998613 -0.036913 -0.037543 0.000000 0.038179 0.998706 0.033586 0.009900 0.036255 -0.034972 0.998730 0.000000 0.000000 0.000000 0.000000 1.000000
0.998808 -0.033751 -0.035268 0.000000 0.034976 0.998785 0.034709 0.009900 0.034054 -0.035901 0.998775 0.000000 0.000000 0.000000 0.000000 1.000000
0.998982 -0.030855 -0.032917 0.000000 0.032085 0.998781 0.037513 0.009900 0.031719 -0.038531 0.998754 0.000000 0.000000 0.000000 0.000000 1.000000
0.999159 -0.027281 -0.030596 0.000000 0.028481 0.998814 0.039497 0.009900 0.029482 -0.040335 0.998751 0.000000 0.000000 0.000000 0.000000 1.000000
