<?xml version="1.0" encoding="utf-8"?>
<COLLADA xmlns="http://www.collada.org/2005/11/COLLADASchema" version="1.4.1">
  <asset>
    <contributor>
      <author>Mixamo</author>
      <authoring_tool>COLLADA Mixamo exporter</authoring_tool>
      <comments/>
    </contributor>
    <created>2026-05-01T17:20:31Z</created>
    <modified>2026-05-01T17:20:31Z</modified>
    <revision/>
    <title/>
    <unit meter="0.010000"/>
    <up_axis>Y_UP</up_axis>
  </asset>
  <library_animations>
    <animation id="mixamorig_Hips-anim" name="mixamorig_Hips">
      <source id="mixamorig_Hips-Matrix-animation-input">
        <float_array id="mixamorig_Hips-Matrix-animation-input-array" count="32">

0.000000 0.033333 0.066667 0.100000 0.133333 0.166667 0.200000 0.233333 0.266667 0.300000 0.333333 0.366667 0.400000 0.433333 0.466667 0.500000
0.533333 0.566667 0.600000 0.633333 0.666667 0.700000 0.733333 0.766667 0.800000 0.833333 0.866667 0.900000 0.933333 0.966667 1.000000 1.033333</float_array>
        <technique_common>
          <accessor source="#mixamorig_Hips-Matrix-animation-input-array" count="32">
            <param name="TIME" type="float"/>
          </accessor>
        </technique_common>
      </source>
      <source id="mixamorig_Hips-Matrix-animation-output-transform">
        <float_array id="mixamorig_Hips-Matrix-animation-output-transform-array" count="512">

0.404131 0.133749 0.904870 0.000190 -0.037466 0.990842 -0.129724 0.125309 -0.913934 0.018524 0.405441 0.000026 0.000000 0.000000 0.000000 1.000000
0.405402 0.127412 0.905216 -0.000972 -0.015306 0.991046 -0.132638 0.126187 -0.914011 0.039917 0.403722 0.000591 0.000000 0.000000 0.000000 1.000000
0.410244 0.128925 0.902817 -0.002047 -0.010468 0.990557 -0.136698 0.126441 -0.911916 0.046629 0.407720 0.001026 0.000000 0.000000 0.000000 1.000000
0.421375 0.138270 0.896284 -0.002814 -0.024270 0.989674 -0.141267 0.125937 -0.906562 0.037773 0.420380 0.001327 0.000000 0.000000 0.000000 1.000000
0.439952 0.151474 0.885154 -0.003032 -0.053055 0.988334 -0.142761 0.124611 -0.896453 0.015846 0.442856 0.001521 0.000000 0.000000 0.000000 1.000000
0.465254 0.161979 0.870230 -0.002619 -0.087877 0.986710 -0.136678 0.122502 -0.880804 -0.012884 0.473306 0.001652 0.000000 0.000000 0.000000 1.000000
0.481136 0.163278 0.861306 -0.002723 -0.100266 0.986304 -0.130964 0.120452 -0.870893 -0.023348 0.490917 0.001806 0.000000 0.000000 0.000000 1.000000
0.488531 0.149927 0.859569 -0.003017 -0.082515 0.988651 -0.125544 0.118170 -0.868636 -0.009595 0.495357 0.001839 0.000000 0.000000 0.000000 1.000000
0.488340 0.128932 0.863076 -0.002244 -0.057020 0.991626 -0.115873 0.117094 -0.870789 0.007373 0.491602 0.001500 0.000000 0.000000 0.000000 1.000000
0.485339 0.110500 0.867315 -0.000618 -0.034937 0.993640 -0.107044 0.117024 -0.873628 0.021651 0.486113 0.000826 0.000000 0.000000 0.000000 1.000000
0.484824 0.102513 0.868583 0.000307 -0.011237 0.993755 -0.111015 0.116329 -0.874540 0.044063 0.482948 0.000134 0.000000 0.000000 0.000000 1.000000
0.486599 0.089450 0.869034 0.000923 0.012566 0.993925 -0.109341 0.116568 -0.873535 0.064126 0.482519 -0.000462 0.000000 0.000000 0.000000 1.000000
0.492240 0.074152 0.867296 0.001185 0.033356 0.994026 -0.103918 0.117604 -0.869820 0.080082 0.486826 -0.000870 0.000000 0.000000 0.000000 1.000000
0.484004 0.065153 0.872637 0.001145 0.043109 0.994238 -0.098143 0.119328 -0.874003 0.085120 0.478407 -0.001033 0.000000 0.000000 0.000000 1.000000
0.460707 0.063256 0.885295 0.000949 0.041289 0.994850 -0.092571 0.121434 -0.886591 0.079201 0.455723 -0.000960 0.000000 0.000000 0.000000 1.000000
0.438150 0.061749 0.896778 0.000767 0.035463 0.995674 -0.085886 0.123460 -0.898202 0.069434 0.434065 -0.000719 0.000000 0.000000 0.000000 1.000000
0.419320 0.065674 0.905460 0.000428 0.021125 0.996404 -0.082054 0.125045 -0.907593 0.053534 0.416425 -0.000460 0.000000 0.000000 0.000000 1.000000
0.392863 0.076927 0.916374 0.000022 0.004088 0.996339 -0.085392 0.125735 -0.919588 0.037294 0.391111 -0.000108 0.000000 0.000000 0.000000 1.000000
0.359370 0.088804 0.928960 -0.000342 -0.003401 0.995580 -0.093857 0.125534 -0.933189 0.030570 0.358084 0.000314 0.000000 0.000000 0.000000 1.000000
0.313323 0.095535 0.944829 -0.000477 0.004637 0.994761 -0.102122 0.124439 -0.949635 0.036378 0.311239 0.000740 0.000000 0.000000 0.000000 1.000000
0.243371 0.094781 0.965291 -0.000187 0.024481 0.994297 -0.103801 0.122439 -0.969624 0.048893 0.239663 0.001070 0.000000 0.000000 0.000000 1.000000
0.166316 0.092556 0.981719 0.000398 0.049882 0.993521 -0.102119 0.119939 -0.984810 0.065954 0.160621 0.001239 0.000000 0.000000 0.000000 1.000000
0.113544 0.093911 0.989085 0.000661 0.062269 0.992893 -0.101421 0.117719 -0.991580 0.073105 0.106890 0.001217 0.000000 0.000000 0.000000 1.000000
0.099343 0.098671 0.990149 0.001108 0.051914 0.993202 -0.104184 0.115992 -0.993698 0.061753 0.093545 0.001165 0.000000 0.000000 0.000000 1.000000
0.120747 0.105842 0.987025 0.001891 0.024330 0.993685 -0.109533 0.115074 -0.992385 0.037240 0.117409 0.001134 0.000000 0.000000 0.000000 1.000000
0.166064 0.115199 0.979363 0.002674 -0.022629 0.993337 -0.113006 0.115349 -0.985855 -0.003396 0.167565 0.001046 0.000000 0.000000 0.000000 1.000000
0.220968 0.124703 0.967276 0.003337 -0.062383 0.991568 -0.113584 0.116467 -0.973284 -0.035243 0.226884 0.000894 0.000000 0.000000 0.000000 1.000000
0.273279 0.132003 0.952835 0.003280 -0.088473 0.989790 -0.111748 0.118012 -0.957858 -0.053762 0.282167 0.000981 0.000000 0.000000 0.000000 1.000000
0.316676 0.136274 0.938694 0.002723 -0.098213 0.989018 -0.110447 0.119666 -0.943435 -0.057216 0.326582 0.000966 0.000000 0.000000 0.000000 1.000000
0.351512 0.137117 0.926088 0.001982 -0.092030 0.989486 -0.111572 0.121368 -0.931649 -0.046009 0.360435 0.000685 0.000000 0.000000 0.000000 1.000000
0.383519 0.133694 0.913805 0.001292 -0.066901 0.990889 -0.116893 0.123237 -0.921107 -0.016304 0.388969 0.000270 0.000000 0.000000 0.000000 1.000000
0.400474 0.133745 0.906495 0.000414 -0.043496 0.990950 -0.126990 0.124898 -0.915275 0.011428 0.402667 0.000071 0.000000 0.000000 0.000000 1.000000</float_array>
        <technique_common>
          <accessor source="#mixamorig_Hips-Matrix-animation-output-transform-array" count="32" stride="16">
            <param type="float4x4"/>
          </accessor>
        </technique_common>
      </source>
      <source id="mixamorig_Hips-Interpolations">
        <Name_array id="mixamorig_Hips-Interpolations-array" count="32">
 LINEAR LINEAR LINEAR LINEAR LINEAR LINEAR LINEAR LINEAR LINEAR LINEAR LINEAR
LINEAR LINEAR LINEAR LINEAR LINEAR LINEAR LINEAR LINEAR LINEAR LINEAR LINEAR LINEAR
LINEAR LINEAR LINEAR LINEAR LINEAR LINEAR LINEAR LINEAR LINEAR</Name_array>
        <technique_common>
          <accessor source="#mixamorig_Hips-Interpolations-array" count="32">
            <param type="name"/>
          </accessor>
        </technique_common>
      </source>
      <sampler id="mixamorig_Hips-Matrix-animation-transform">
        <input semantic="INPUT" source="#mixamorig_Hips-Matrix-animation-input"/>
        <input semantic="OUTPUT" source="#mixamorig_Hips-Matrix-animation-output-transform"/>
        <input semantic="INTERPOLATION" source="#mixamorig_Hips-Interpolations"/>
      </sampler>
      <channel source="#mixamorig_Hips-Matrix-animation-transform" target="mixamorig_Hips/matrix"/>
    </animation>
    <animation id="mixamorig_Spine-anim" name="mixamorig_Spine">
      <source id="mixamorig_Spine-Matrix-animation-input">
        <float_array id="mixamorig_Spine-Matrix-animation-input-array" count="32">

0.000000 0.033333 0.066667 0.100000 0.133333 0.166667 0.200000 0.233333 0.266667 0.300000 0.333333 0.366667 0.400000 0.433333 0.466667 0.500000
0.533333 0.566667 0.600000 0.633333 0.666667 0.700000 0.733333 0.766667 0.800000 0.833333 0.866667 0.900000 0.933333 0.966667 1.000000 1.033333</float_array>
        <technique_common>
          <accessor source="#mixamorig_Spine-Matrix-animation-input-array" count="32">
            <param name="TIME" type="float"/>
          </accessor>
        </technique_common>
      </source>
      <source id="mixamorig_Spine-Matrix-animation-output-transform">
        <float_array id="mixamorig_Spine-Matrix-animation-output-transform-array" count="512">

0.990682 -0.033843 -0.131926 0.000000 0.024357 0.997044 -0.072863 0.008500 0.134002 0.068971 0.988578 -0.000300 0.000000 0.000000 0.000000 1.000000
0.992061 -0.005239 -0.125651 0.000000 -0.003526 0.997581 -0.069429 0.008500 0.125711 0.069321 0.989642 -0.000300 0.000000 0.000000 0.000000 1.000000
0.993514 0.004017 -0.113638 0.000000 -0.011822 0.997609 -0.068098 0.008500 0.113093 0.069000 0.991186 -0.000300 0.000000 0.000000 0.000000 1.000000
0.995624 -0.007402 -0.093160 -0.000000 0.001162 0.997762 -0.066850 0.008500 0.093446 0.066450 0.993404 -0.000300 0.000000 0.000000 0.000000 1.000000
0.997309 -0.033513 -0.065199 0.000000 0.029301 0.997486 -0.064521 0.008500 0.067197 0.062437 0.995784 -0.000300 0.000000 0.000000 0.000000 1.000000
0.997486 -0.061392 -0.035389 -0.000000 0.059106 0.996302 -0.062357 0.008500 0.039086 0.060109 0.997426 -0.000300 0.000000 0.000000 0.000000 1.000000
0.997915 -0.060700 -0.021916 0.000000 0.059185 0.996181 -0.064188 0.008500 0.025729 0.062757 0.997697 -0.000300 0.000000 0.000000 0.000000 1.000000
0.999404 -0.029007 -0.018719 0.000000 0.027661 0.997265 -0.068538 0.008500 0.020656 0.067979 0.997473 -0.000300 0.000000 0.000000 0.000000 1.000000
0.999675 -0.002571 -0.025346 -0.000000 0.000802 0.997580 -0.069529 0.008500 0.025463 0.069486 0.997258 -0.000300 0.000000 0.000000 0.000000 1.000000
0.999275 0.010499 -0.036592 -0.000000 -0.012862 0.997806 -0.064941 0.008500 0.035830 0.065365 0.997218 -0.000300 0.000000 0.000000 0.000000 1.000000
0.998514 0.031810 -0.044257 -0.000000 -0.034362 0.997717 -0.058142 0.008500 0.042306 0.059577 0.997327 -0.000300 0.000000 0.000000 0.000000 1.000000
0.997509 0.050914 -0.048828 0.000000 -0.053810 0.996749 -0.059964 0.008500 0.045616 0.062443 0.997006 -0.000300 0.000000 0.000000 0.000000 1.000000
0.996339 0.064978 -0.055560 0.000000 -0.068429 0.995687 -0.062642 0.008500 0.051251 0.066214 0.996488 -0.000300 0.000000 0.000000 0.000000 1.000000
0.995389 0.064389 -0.071095 -0.000000 -0.068970 0.995565 -0.063982 0.008500 0.066660 0.068590 0.995415 -0.000300 0.000000 0.000000 0.000000 1.000000
0.994456 0.050557 -0.092205 0.000000 -0.056634 0.996308 -0.064528 0.008500 0.088603 0.069392 0.993647 -0.000300 0.000000 0.000000 0.000000 1.000000
0.993583 0.034819 -0.107615 0.000000 -0.042063 0.996946 -0.065791 0.008500 0.104995 0.069896 0.992013 -0.000300 0.000000 0.000000 0.000000 1.000000
0.992821 0.013890 -0.118800 -0.000000 -0.022090 0.997441 -0.067991 0.008500 0.117551 0.070127 0.990588 -0.000300 0.000000 0.000000 0.000000 1.000000
0.990587 -0.008147 -0.136641 0.000000 -0.001217 0.997664 -0.068307 0.008500 0.136879 0.067830 0.988263 -0.000300 0.000000 0.000000 0.000000 1.000000
0.986452 -0.019555 -0.162883 0.000000 0.009028 0.997837 -0.065116 0.008500 0.163804 0.062763 0.984494 -0.000300 0.000000 0.000000 0.000000 1.000000
0.979098 -0.018005 -0.202589 -0.000000 0.006209 0.998256 -0.058712 0.008500 0.203293 0.056227 0.977502 -0.000300 0.000000 0.000000 0.000000 1.000000
0.965181 -0.011419 -0.261334 0.000000 -0.002194 0.998658 -0.051740 0.008500 0.261574 0.050511 0.963861 -0.000300 0.000000 0.000000 0.000000 1.000000
0.947702 -0.004302 -0.319127 0.000000 -0.010785 0.998906 -0.045494 0.008500 0.318973 0.046556 0.946619 -0.000300 0.000000 0.000000 0.000000 1.000000
0.934121 -0.004498 -0.356927 0.000000 -0.013382 0.998776 -0.047610 0.008500 0.356704 0.049250 0.932918 -0.000300 0.000000 0.000000 0.000000 1.000000
0.929811 -0.019579 -0.367517 0.000000 0.000530 0.998654 -0.051860 0.008500 0.368038 0.048025 0.928570 -0.000300 0.000000 0.000000 0.000000 1.000000
0.933570 -0.050764 -0.354783 -0.000000 0.032430 0.997822 -0.057437 0.008500 0.356926 0.042116 0.933183 -0.000300 0.000000 0.000000 0.000000 1.000000
0.939333 -0.092024 -0.330432 -0.000000 0.073093 0.994915 -0.069295 0.008500 0.335128 0.040939 0.941283 -0.000300 0.000000 0.000000 0.000000 1.000000
0.945322 -0.126158 -0.300751 0.000000 0.107010 0.991084 -0.079382 0.008500 0.308084 0.042858 0.950393 -0.000300 0.000000 0.000000 0.000000 1.000000
0.957887 -0.134247 -0.253830 0.000000 0.116479 0.989648 -0.083848 0.008500 0.262458 0.050751 0.963608 -0.000300 0.000000 0.000000 0.000000 1.000000
0.969812 -0.127327 -0.207974 0.000000 0.111709 0.990078 -0.085240 0.008500 0.216764 0.059434 0.974413 -0.000300 0.000000 0.000000 0.000000 1.000000
0.978667 -0.109687 -0.173726 0.000000 0.096246 0.991806 -0.084012 0.008500 0.181517 0.065499 0.981204 -0.000300 0.000000 0.000000 0.000000 1.000000
0.985878 -0.076222 -0.149113 0.000000 0.064888 0.994724 -0.079460 0.008500 0.154383 0.068662 0.985622 -0.000300 0.000000 0.000000 0.000000 1.000000
0.989920 -0.042362 -0.135146 0.000000 0.032535 0.996719 -0.074117 0.008500 0.137843 0.068973 0.988050 -0.000300 0.000000 0.000000 0.000000 1.000000</float_array>
        <technique_common>
          <accessor source="#mixamorig_Spine-Matrix-animation-output-transform-array" count="32" stride="16">
            <param type="float4x4"/>
          </accessor>
        </technique_common>
      </source>
      <source id="mixamorig_Spine-Interpolations">
        <Name_array id="mixamorig_Spine-Interpolations-array" count="32">
 LINEAR LINEAR LINEAR LINEAR LINEAR LINEAR LINEAR LINEAR LINEAR LINEAR LINEAR
LINEAR LINEAR LINEAR LINEAR LINEAR LINEAR LINEAR LINEAR LINEAR LINEAR LINEAR LINEAR
LINEAR LINEAR LINEAR LINEAR LINEAR LINEAR LINEAR LINEAR LINEAR</Name_array>
        <technique_common>
          <accessor source="#mixamorig_Spine-Interpolations-array" count="32">
            <param type="name"/>
          </accessor>
        </technique_common>
      </source>
      <sampler id="mixamorig_Spine-Matrix-animation-transform">
        <input semantic="INPUT" source="#mixamorig_Spine-Matrix-animation-input"/>
        <input semantic="OUTPUT" source="#mixamorig_Spine-Matrix-animation-output-transform"/>
        <input semantic="INTERPOLATION" source="#mixamorig_Spine-Interpolations"/>
      </sampler>
      <channel source="#mixamorig_Spine-Matrix-animation-transform" target="mixamorig_Spine/matrix"/>
    </animation>
    <animation id="mixamorig_Spine1-anim" name="mixamorig_Spine1">
      <source id="mixamorig_Spine1-Matrix-animation-input">
        <float_array id="mixamorig_Spine1-Matrix-animation-input-array" count="32">

0.000000 0.033333 0.066667 0.100000 0.133333 0.166667 0.200000 0.233333 0.266667 0.300000 0.333333 0.366667 0.400000 0.433333 0.466667 0.500000
0.533333 0.566667 0.600000 0.633333 0.666667 0.700000 0.733333 0.766667 0.800000 0.833333 0.866667 0.900000 0.933333 0.966667 1.000000 1.033333</float_array>
        <technique_common>
          <accessor source="#mixamorig_Spine1-Matrix-animation-input-array" count="32">
            <param name="TIME" type="float"/>
          </accessor>
        </technique_common>
      </source>
      <source id="mixamorig_Spine1-Matrix-animation-output-transform">
        <float_array id="mixamorig_Spine1-Matrix-animation-output-transform-array" count="512">

0.995735 -0.022973 -0.089358 0.000000 0.016296 0.997069 -0.074746 0.009900 0.090813 0.072971 0.993191 -0.000000 0.000000 0.000000 0.000000 1.000000
0.996364 -0.014118 -0.084016 0.000000 0.007855 0.997197 -0.074408 0.009900 0.084831 0.073478 0.993682 0.000000 0.000000 0.000000 0.000000 1.000000
0.996717 -0.008521 -0.080515 -0.000000 0.002550 0.997257 -0.073972 0.009900 0.080925 0.073524 0.994005 0.000000 0.000000 0.000000 0.000000 1.000000
0.997042 -0.008197 -0.076424 0.000000 0.002685 0.997405 -0.071948 0.009900 0.076816 0.071530 0.994476 0.000000 0.000000 0.000000 0.000000 1.000000
0.997453 -0.013060 -0.070117 0.000000 0.008259 0.997629 -0.068325 0.009900 0.070843 0.067571 0.995196 -0.000000 0.000000 0.000000 0.000000 1.000000
0.997874 -0.020423 -0.061897 0.000000 0.016389 0.997751 -0.064992 0.009900 0.063085 0.063840 0.995964 0.000000 0.000000 0.000000 0.000000 1.000000
0.998193 -0.022484 -0.055731 0.000000 0.018758 0.997610 -0.066507 0.009900 0.057093 0.065341 0.996228 0.000000 0.000000 0.000000 0.000000 1.000000
0.998467 -0.015313 -0.053183 0.000000 0.011542 0.997445 -0.070505 0.009900 0.054127 0.069783 0.996093 0.000000 0.000000 0.000000 0.000000 1.000000
0.998537 -0.006722 -0.053645 0.000000 0.002818 0.997363 -0.072518 0.009900 0.053991 0.072261 0.995923 0.000000 0.000000 0.000000 0.000000 1.000000
0.998407 -0.000408 -0.056422 -0.000000 -0.003603 0.997472 -0.070968 0.009900 0.056308 0.071058 0.995882 -0.000000 0.000000 0.000000 0.000000 1.000000
0.998139 0.005987 -0.060690 0.000000 -0.010123 0.997629 -0.068067 0.009900 0.060139 0.068554 0.995833 -0.000000 0.000000 0.000000 0.000000 1.000000
0.998036 0.016694 -0.060375 0.000000 -0.020908 0.997338 -0.069857 0.009900 0.059049 0.070982 0.995728 0.000000 0.000000 0.000000 0.000000 1.000000
0.997944 0.022943 -0.059853 0.000000 -0.027219 0.997059 -0.071646 0.009900 0.058033 0.073128 0.995633 -0.000000 0.000000 0.000000 0.000000 1.000000
0.997666 0.021325 -0.064860 -0.000000 -0.026012 0.997044 -0.072299 0.009900 0.063127 0.073818 0.995272 -0.000000 0.000000 0.000000 0.000000 1.000000
0.997173 0.014442 -0.073737 0.000000 -0.019776 0.997199 -0.072132 0.009900 0.072489 0.073386 0.994666 0.000000 0.000000 0.000000 0.000000 1.000000
0.996874 0.008881 -0.078509 0.000000 -0.014569 0.997285 -0.072178 0.009900 0.077654 0.073096 0.994297 0.000000 0.000000 0.000000 0.000000 1.000000
0.996743 0.001428 -0.080627 -0.000000 -0.007334 0.997305 -0.072999 0.009900 0.080306 0.073353 0.994068 -0.000000 0.000000 0.000000 0.000000 1.000000
0.996330 -0.007538 -0.085267 -0.000000 0.001360 0.997383 -0.072280 0.009900 0.085589 0.071899 0.993733 -0.000000 0.000000 0.000000 0.000000 1.000000
0.995637 -0.013662 -0.092308 0.000000 0.007279 0.997581 -0.069133 0.009900 0.093029 0.068159 0.993328 -0.000000 0.000000 0.000000 0.000000 1.000000
0.994785 -0.014553 -0.100950 0.000000 0.008094 0.997911 -0.064098 0.009900 0.101672 0.062946 0.992825 -0.000000 0.000000 0.000000 0.000000 1.000000
0.993828 -0.010986 -0.110386 0.000000 0.004486 0.998250 -0.058966 0.009900 0.110840 0.058107 0.992138 0.000000 0.000000 0.000000 0.000000 1.000000
0.992761 -0.007251 -0.119884 0.000000 0.000672 0.998496 -0.054826 0.009900 0.120101 0.054348 0.991273 0.000000 0.000000 0.000000 0.000000 1.000000
0.992078 -0.007252 -0.125417 0.000000 0.000180 0.998414 -0.056305 0.009900 0.125626 0.055837 0.990505 0.000000 0.000000 0.000000 0.000000 1.000000
0.991761 -0.012919 -0.127447 0.000000 0.005473 0.998267 -0.058599 0.009900 0.127983 0.057418 0.990113 0.000000 0.000000 0.000000 0.000000 1.000000
0.991760 -0.023296 -0.125973 -0.000000 0.015861 0.998090 -0.059702 0.009900 0.127124 0.057212 0.990236 0.000000 0.000000 0.000000 0.000000 1.000000
0.992070 -0.034964 -0.120729 0.000000 0.027655 0.997712 -0.061697 0.009900 0.122610 0.057869 0.990766 -0.000000 0.000000 0.000000 0.000000 1.000000
0.992107 -0.044520 -0.117226 -0.000000 0.036811 0.997065 -0.067132 0.009900 0.119871 0.062286 0.990834 0.000000 0.000000 0.000000 0.000000 1.000000
0.991463 -0.049650 -0.120564 0.000000 0.041236 0.996602 -0.071307 0.009900 0.123694 0.065726 0.990141 0.000000 0.000000 0.000000 0.000000 1.000000
0.991385 -0.049519 -0.121256 0.000000 0.040752 0.996444 -0.073748 0.009900 0.124477 0.068171 0.989878 -0.000000 0.000000 0.000000 0.000000 1.000000
0.992448 -0.044243 -0.114407 0.000000 0.035801 0.996554 -0.074820 0.009900 0.117323 0.070159 0.990612 -0.000000 0.000000 0.000000 0.000000 1.000000
0.994124 -0.035034 -0.102420 -0.000000 0.027373 0.996788 -0.075265 0.009900 0.104728 0.072019 0.991890 -0.000000 0.000000 0.000000 0.000000 1.000000
0.995439 -0.025404 -0.091951 -0.000000 0.018531 0.997023 -0.074850 0.009900 0.093579 0.072804 0.992946 -0.000000 0.000000 0.000000 0.000000 1.000000</float_array>
        <technique_common>
          <accessor source="#mixamorig_Spine1-Matrix-animation-output-transform-array" count="32" stride="16">
            <param type="float4x4"/>
          </accessor>
        </technique_common>
      </source>
      <source id="mixamorig_Spine1-Interpolations">
        <Name_array id="mixamorig_Spine1-Interpolations-array" count="32">
 LINEAR LINEAR LINEAR LINEAR LINEAR LINEAR LINEAR LINEAR LINEAR LINEAR LINEAR
LINEAR LINEAR LINEAR LINEAR LINEAR LINEAR LINEAR LINEAR LINEAR LINEAR LINEAR LINEAR
LINEAR LINEAR LINEAR LINEAR LINEAR LINEAR LINEAR LINEAR LINEAR</Name_array>
        <technique_common>
          <accessor source="#mixamorig_Spine1-Interpolations-array" count="32">
            <param type="name"/>
          </accessor>
        </technique_common>
      </source>
      <sampler id="mixamorig_Spine1-Matrix-animation-transform">
        <input semantic="INPUT" source="#mixamorig_Spine1-Matrix-animation-input"/>
        <input semantic="OUTPUT" source="#mixamorig_Spine1-Matrix-animation-output-transform"/>
        <input semantic="INTERPOLATION" source="#mixamorig_Spine1-Interpolations"/>
      </sampler>
      <channel source="#mixamorig_Spine1-Matrix-animation-transform" target="mixamorig_Spine1/matrix"/>
    </animation>
    <animation id="mixamorig_Spine2-anim" name="mixamorig_Spine2">
      <source id="mixamorig_Spine2-Matrix-animation-input">
        <float_array id="mixamorig_Spine2-Matrix-animation-input-array" count="32">

0.000000 0.033333 0.066667 0.100000 0.133333 0.166667 0.200000 0.233333 0.266667 0.300000 0.333333 0.366667 0.400000 0.433333 0.466667 0.500000
0.533333 0.566667 0.600000 0.633333 0.666667 0.700000 0.733333 0.766667 0.800000 0.833333 0.866667 0.900000 0.933333 0.966667 1.000000 1.033333</float_array>
        <technique_common>
          <accessor source="#mixamorig_Spine2-Matrix-animation-input-array" count="32">
            <param name="TIME" type="float"/>
          </accessor>
        </technique_common>
      </source>
      <source id="mixamorig_Spine2-Matrix-animation-output-transform">
        <float_array id="mixamorig_Spine2-Matrix-animation-output-transform-array" count="512">

0.995699 -0.022662 -0.089830 0.000000 0.015989 0.997106 -0.074320 0.011300 0.091254 0.072564 0.993180 0.000000 0.000000 0.000000 0.000000 1.000000
0.996322 -0.013754 -0.084581 0.000000 0.007494 0.997238 -0.073894 0.011300 0.085364 0.072988 0.993673 -0.000000 0.000000 0.000000 0.000000 1.000000
0.996679 -0.008072 -0.081029 0.000000 0.002101 0.997293 -0.073500 0.011300 0.081403 0.073086 0.993998 0.000000 0.000000 0.000000 0.000000 1.000000
0.997023 -0.007741 -0.076714 0.000000 0.002229 0.997425 -0.071685 0.011300 0.077071 0.071301 0.994473 0.000000 0.000000 0.000000 0.000000 1.000000
0.997463 -0.012739 -0.070033 0.000000 0.007940 0.997627 -0.068390 0.011300 0.070738 0.067661 0.995198 0.000000 0.000000 0.000000 0.000000 1.000000
0.997906 -0.020339 -0.061402 0.000000 0.016314 0.997728 -0.065367 0.011300 0.062592 0.064229 0.995970 -0.000000 0.000000 0.000000 0.000000 1.000000
0.998220 -0.022428 -0.055269 -0.000000 0.018714 0.997589 -0.066821 0.011300 0.056635 0.065668 0.996233 0.000000 0.000000 0.000000 0.000000 1.000000
0.998472 -0.015172 -0.053133 0.000000 0.011403 0.997444 -0.070534 0.011300 0.054068 0.069821 0.996093 0.000000 0.000000 0.000000 0.000000 1.000000
0.998530 -0.006477 -0.053820 0.000000 0.002567 0.997372 -0.072403 0.011300 0.054148 0.072159 0.995922 -0.000000 0.000000 0.000000 0.000000 1.000000
0.998396 -0.000030 -0.056617 0.000000 -0.003986 0.997481 -0.070823 0.011300 0.056477 0.070935 0.995881 0.000000 0.000000 0.000000 0.000000 1.000000
0.998106 0.006588 -0.061163 0.000000 -0.010729 0.997653 -0.067631 0.011300 0.060574 0.068159 0.995834 0.000000 0.000000 0.000000 0.000000 1.000000
0.997990 0.017325 -0.060965 0.000000 -0.021544 0.997367 -0.069247 0.011300 0.059605 0.070421 0.995735 0.000000 0.000000 0.000000 0.000000 1.000000
0.997899 0.023506 -0.060378 0.000000 -0.027787 0.997084 -0.071076 0.011300 0.058531 0.072604 0.995642 0.000000 0.000000 0.000000 0.000000 1.000000
0.997631 0.021815 -0.065240 -0.000000 -0.026499 0.997067 -0.071806 0.011300 0.063482 0.073364 0.995283 -0.000000 0.000000 0.000000 0.000000 1.000000
0.997147 0.014873 -0.074008 0.000000 -0.020195 0.997222 -0.071690 0.011300 0.072737 0.072980 0.994677 -0.000000 0.000000 0.000000 0.000000 1.000000
0.996848 0.009227 -0.078801 -0.000000 -0.014910 0.997305 -0.071833 0.011300 0.077926 0.072782 0.994299 -0.000000 0.000000 0.000000 0.000000 1.000000
0.996712 0.001786 -0.081010 0.000000 -0.007687 0.997332 -0.072593 0.011300 0.080665 0.072977 0.994066 -0.000000 0.000000 0.000000 0.000000 1.000000
0.996287 -0.007206 -0.085790 0.000000 0.001038 0.997424 -0.071723 0.011300 0.086086 0.071368 0.993728 0.000000 0.000000 0.000000 0.000000 1.000000
0.995575 -0.013480 -0.092997 -0.000000 0.007129 0.997640 -0.068284 0.011300 0.093698 0.067319 0.993322 -0.000000 0.000000 0.000000 0.000000 1.000000
0.994701 -0.014700 -0.101752 -0.000000 0.008311 0.997983 -0.062929 0.011300 0.102472 0.061750 0.992817 0.000000 0.000000 0.000000 0.000000 1.000000
0.993736 -0.011646 -0.111147 0.000000 0.005248 0.998321 -0.057684 0.011300 0.111632 0.056739 0.992128 0.000000 0.000000 0.000000 0.000000 1.000000
0.992666 -0.008427 -0.120594 0.000000 0.001972 0.998563 -0.053548 0.011300 0.120872 0.052918 0.991257 0.000000 0.000000 0.000000 0.000000 1.000000
0.991978 -0.008294 -0.126135 -0.000000 0.001367 0.998491 -0.054904 0.011300 0.126400 0.054291 0.990493 0.000000 0.000000 0.000000 0.000000 1.000000
0.991665 -0.013582 -0.128126 0.000000 0.006295 0.998348 -0.057107 0.011300 0.128690 0.055824 0.990112 0.000000 0.000000 0.000000 0.000000 1.000000
0.991674 -0.023502 -0.126609 -0.000000 0.016227 0.998174 -0.058185 0.011300 0.127745 0.055646 0.990245 0.000000 0.000000 0.000000 0.000000 1.000000
0.991993 -0.034505 -0.121484 -0.000000 0.027346 0.997817 -0.060118 0.011300 0.123293 0.056315 0.990771 -0.000000 0.000000 0.000000 0.000000 1.000000
0.992046 -0.043796 -0.118013 0.000000 0.036199 0.997178 -0.065764 0.011300 0.120560 0.060969 0.990832 0.000000 0.000000 0.000000 0.000000 1.000000
0.991411 -0.048877 -0.121310 0.000000 0.040570 0.996720 -0.070024 0.011300 0.124335 0.064500 0.990142 -0.000000 0.000000 0.000000 0.000000 1.000000
0.991341 -0.048929 -0.121856 0.000000 0.040257 0.996545 -0.072641 0.011300 0.124989 0.067107 0.989886 -0.000000 0.000000 0.000000 0.000000 1.000000
0.992414 -0.043927 -0.114827 -0.000000 0.035549 0.996623 -0.074025 0.011300 0.117690 0.069381 0.990624 0.000000 0.000000 0.000000 0.000000 1.000000
0.994094 -0.034815 -0.102790 -0.000000 0.027185 0.996834 -0.074722 0.011300 0.105066 0.071486 0.991893 0.000000 0.000000 0.000000 0.000000 1.000000
0.995405 -0.025116 -0.092400 0.000000 0.018251 0.997061 -0.074403 0.011300 0.093998 0.072375 0.992938 -0.000000 0.000000 0.000000 0.000000 1.000000</float_array>
        <technique_common>
          <accessor source="#mixamorig_Spine2-Matrix-animation-output-transform-array" count="32" stride="16">
            <param type="float4x4"/>
          </accessor>
        </technique_common>
      </source>
      <source id="mixamorig_Spine2-Interpolations">
        <Name_array id="mixamorig_Spine2-Interpolations-array" count="32">
 LINEAR LINEAR LINEAR LINEAR LINEAR LINEAR LINEAR LINEAR LINEAR LINEAR LINEAR
LINEAR LINEAR LINEAR LINEAR LINEAR LINEAR LINEAR LINEAR LINEAR LINEAR LINEAR LINEAR
LINEAR LINEAR LINEAR LINEAR LINEAR LINEAR LINEAR LINEAR LINEAR</Name_array>
        <technique_common>
          <accessor source="#mixamorig_Spine2-Interpolations-array" count="32">
            <param type="name"/>
          </accessor>
        </technique_common>
      </source>
      <sampler id="mixamorig_Spine2-Matrix-animation-transform">
        <input semantic="INPUT" source="#mixamorig_Spine2-Matrix-animation-input"/>
        <input semantic="OUTPUT" source="#mixamorig_Spine2-Matrix-animation-output-transform"/>
        <input semantic="INTERPOLATION" source="#mixamorig_Spine2-Interpolations"/>
      </sampler>
      <channel source="#mixamorig_Spine2-Matrix-animation-transform" target="mixamorig_Spine2/matrix"/>
    </animation>
    <animation id="mixamorig_Neck-anim" name="mixamorig_Neck">
      <source id="mixamorig_Neck-Matrix-animation-input">
        <float_array id="mixamorig_Neck-Matrix-animation-input-array" count="32">

0.000000 0.033333 0.066667 0.100000 0.133333 0.166667 0.200000 0.233333 0.266667 0.300000 0.333333 0.366667 0.400000 0.433333 0.466667 0.500000
0.533333 0.566667 0.600000 0.633333 0.666667 0.700000 0.733333 0.766667 0.800000 0.833333 0.866667 0.900000 0.933333 0.966667 1.000000 1.033333</float_array>
        <technique_common>
          <accessor source="#mixamorig_Neck-Matrix-animation-input-array" count="32">
            <param name="TIME" type="float"/>
          </accessor>
        </technique_common>
      </source>
      <source id="mixamorig_Neck-Matrix-animation-output-transform">
        <float_array id="mixamorig_Neck-Matrix-animation-output-transform-array" count="512">

0.994486 0.005575 -0.104723 -0.000000 -0.018105 0.992719 -0.119081 0.012700 0.103296 0.120321 0.987346 -0.000000 0.000000 0.000000 0.000000 1.000000
0.994420 0.006574 -0.105288 0.000000 -0.018862 0.993054 -0.116139 0.012700 0.103793 0.117477 0.987637 -0.000000 0.000000 0.000000 0.000000 1.000000
0.994351 0.009250 -0.105734 0.000000 -0.021119 0.993519 -0.111689 0.012700 0.104016 0.113291 0.988102 0.000000 0.000000 0.000000 0.000000 1.000000
0.994215 0.012752 -0.106652 0.000000 -0.024079 0.994117 -0.105597 0.012700 0.104678 0.107554 0.988673 0.000000 0.000000 0.000000 0.000000 1.000000
0.994018 0.016285 -0.107997 0.000000 -0.027146 0.994629 -0.099880 0.012700 0.105791 0.102214 0.989121 0.000000 0.000000 0.000000 0.000000 1.000000
0.993850 0.019250 -0.109048 -0.000000 -0.029985 0.994767 -0.097673 0.012700 0.106597 0.100342 0.989226 0.000000 0.000000 0.000000 0.000000 1.000000
0.993838 0.019396 -0.109129 0.000000 -0.029967 0.994922 -0.096085 0.012700 0.106711 0.098763 0.989373 0.000000 0.000000 0.000000 0.000000 1.000000
0.993857 0.016643 -0.109409 0.000000 -0.027321 0.994926 -0.096833 0.012700 0.107242 0.099228 0.989269 0.000000 0.000000 0.000000 0.000000 1.000000
0.993938 0.014493 -0.108979 0.000000 -0.025444 0.994684 -0.099777 0.012700 0.106954 0.101945 0.989024 0.000000 0.000000 0.000000 0.000000 1.000000
0.994082 0.014375 -0.107673 0.000000 -0.025468 0.994420 -0.102370 0.012700 0.105601 0.104507 0.988902 -0.000000 0.000000 0.000000 0.000000 1.000000
0.994221 0.014932 -0.106305 -0.000000 -0.025725 0.994564 -0.100896 0.012700 0.104221 0.103047 0.989201 0.000000 0.000000 0.000000 0.000000 1.000000
0.994287 0.013185 -0.105924 0.000000 -0.023664 0.994876 -0.098290 0.012700 0.104085 0.100235 0.989505 0.000000 0.000000 0.000000 0.000000 1.000000
0.994472 0.015498 -0.103851 -0.000000 -0.025627 0.994962 -0.096927 0.012700 0.101826 0.099052 0.989859 0.000000 0.000000 0.000000 0.000000 1.000000
0.994680 0.021172 -0.100809 -0.000000 -0.031063 0.994743 -0.097577 0.012700 0.098213 0.100190 0.990109 0.000000 0.000000 0.000000 0.000000 1.000000
0.994777 0.027452 -0.098309 0.000000 -0.037423 0.994176 -0.101060 0.012700 0.094962 0.104211 0.990011 0.000000 0.000000 0.000000 0.000000 1.000000
0.994728 0.031026 -0.097740 -0.000000 -0.041569 0.993308 -0.107752 0.012700 0.093743 0.111247 0.989362 0.000000 0.000000 0.000000 0.000000 1.000000
0.994688 0.032579 -0.097648 0.000000 -0.043632 0.992603 -0.113293 0.012700 0.093235 0.116952 0.988751 0.000000 0.000000 0.000000 0.000000 1.000000
0.994688 0.032840 -0.097558 0.000000 -0.044102 0.992313 -0.115632 0.012700 0.093011 0.119321 0.988490 -0.000000 0.000000 0.000000 0.000000 1.000000
0.994779 0.029939 -0.097561 0.000000 -0.041237 0.992400 -0.115936 0.012700 0.093348 0.119354 0.988454 -0.000000 0.000000 0.000000 0.000000 1.000000
0.994877 0.025296 -0.097882 0.000000 -0.036501 0.992759 -0.114439 0.012700 0.094278 0.117425 0.988596 0.000000 0.000000 0.000000 0.000000 1.000000
0.994839 0.023250 -0.098769 0.000000 -0.034161 0.993316 -0.110260 0.012700 0.095545 0.113065 0.988983 -0.000000 0.000000 0.000000 0.000000 1.000000
0.994660 0.023522 -0.100489 0.000000 -0.034076 0.993927 -0.104633 0.012700 0.097418 0.107499 0.989421 0.000000 0.000000 0.000000 0.000000 1.000000
0.994510 0.021920 -0.102322 0.000000 -0.032178 0.994497 -0.099697 0.012700 0.099573 0.102442 0.989743 0.000000 0.000000 0.000000 0.000000 1.000000
0.994442 0.021698 -0.103030 0.000000 -0.031795 0.994738 -0.097398 0.012700 0.100375 0.100132 0.989898 0.000000 0.000000 0.000000 0.000000 1.000000
0.994502 0.023268 -0.102102 0.000000 -0.033298 0.994663 -0.097657 0.012700 0.099285 0.100520 0.989969 0.000000 0.000000 0.000000 0.000000 1.000000
0.994708 0.023705 -0.099971 -0.000000 -0.033621 0.994550 -0.098696 0.012700 0.097086 0.101534 0.990083 0.000000 0.000000 0.000000 0.000000 1.000000
0.994949 0.024336 -0.097383 -0.000000 -0.034169 0.994338 -0.100619 0.012700 0.094383 0.103438 0.990148 -0.000000 0.000000 0.000000 0.000000 1.000000
0.995062 0.015869 -0.097983 0.000000 -0.026301 0.994006 -0.106116 0.012700 0.095712 0.108169 0.989514 -0.000000 0.000000 0.000000 0.000000 1.000000
0.994956 0.009280 -0.099882 0.000000 -0.020229 0.993817 -0.109171 0.012700 0.098251 0.110641 0.988992 0.000000 0.000000 0.000000 0.000000 1.000000
0.994793 0.008606 -0.101548 0.000000 -0.019802 0.993760 -0.109764 0.012700 0.099970 0.111203 0.988757 0.000000 0.000000 0.000000 0.000000 1.000000
0.994692 0.008465 -0.102552 0.000000 -0.020192 0.993292 -0.113857 0.012700 0.100900 0.115324 0.988190 -0.000000 0.000000 0.000000 0.000000 1.000000
0.994529 0.006196 -0.104277 0.000000 -0.018561 0.992837 -0.118028 0.012700 0.102799 0.119318 0.987520 0.000000 0.000000 0.000000 0.000000 1.000000</float_array>
        <technique_common>
          <accessor source="#mixamorig_Neck-Matrix-animation-output-transform-array" count="32" stride="16">
            <param type="float4x4"/>
          </accessor>
        </technique_common>
      </source>
      <source id="mixamorig_Neck-Interpolations">
        <Name_array id="mixamorig_Neck-Interpolations-array" count="32">
 LINEAR LINEAR LINEAR LINEAR LINEAR LINEAR LINEAR LINEAR LINEAR LINEAR LINEAR
LINEAR LINEAR LINEAR LINEAR LINEAR LINEAR LINEAR LINEAR LINEAR LINEAR LINEAR LINEAR
LINEAR LINEAR LINEAR LINEAR LINEAR LINEAR LINEAR LINEAR LINEAR</Name_array>
        <technique_common>
          <accessor source="#mixamorig_Neck-Interpolations-array" count="32">
            <param type="name"/>
          </accessor>
        </technique_common>
      </source>
      <sampler id="mixamorig_Neck-Matrix-animation-transform">
        <input semantic="INPUT" source="#mixamorig_Neck-Matrix-animation-input"/>
        <input semantic="OUTPUT" source="#mixamorig_Neck-Matrix-animation-output-transform"/>
        <input semantic="INTERPOLATION" source="#mixamorig_Neck-Interpolations"/>
      </sampler>
      <channel source="#mixamorig_Neck-Matrix-animation-transform" target="mixamorig_Neck/matrix"/>
    </animation>
    <animation id="mixamorig_Head-anim" name="mixamorig_Head">
      <source id="mixamorig_Head-Matrix-animation-input">
        <float_array id="mixamorig_Head-Matrix-animation-input-array" count="32">

0.000000 0.033333 0.066667 0.100000 0.133333 0.166667 0.200000 0.233333 0.266667 0.300000 0.333333 0.366667 0.400000 0.433333 0.466667 0.500000
0.533333 0.566667 0.600000 0.633333 0.666667 0.700000 0.733333 0.766667 0.800000 0.833333 0.866667 0.900000 0.933333 0.966667 1.000000 1.033333</float_array>
        <technique_common>
          <accessor source="#mixamorig_Head-Matrix-animation-input-array" count="32">
            <param name="TIME" type="float"/>
          </accessor>
        </technique_common>
      </source>
      <source id="mixamorig_Head-Matrix-animation-output-transform">
        <float_array id="mixamorig_Head-Matrix-animation-output-transform-array" count="512">

0.811259 -0.084352 -0.578570 0.000000 0.164675 0.982444 0.087669 0.008900 0.561017 -0.166398 0.810908 0.001100 0.000000 0.000000 0.000000 1.000000
0.808804 -0.089958 -0.581157 0.000000 0.168925 0.982122 0.083071 0.008900 0.563294 -0.165360 0.809541 0.001100 0.000000 0.000000 0.000000 1.000000
0.805395 -0.095113 -0.585057 0.000000 0.177520 0.980441 0.084985 0.008900 0.565531 -0.172306 0.806527 0.001100 0.000000 0.000000 0.000000 1.000000
0.801760 -0.096358 -0.589827 -0.000000 0.185051 0.978441 0.091699 0.008900 0.568275 -0.182669 0.802307 0.001100 0.000000 0.000000 0.000000 1.000000
0.798800 -0.093455 -0.594293 0.000000 0.189900 0.976524 0.101686 0.008900 0.570838 -0.194083 0.797794 0.001100 0.000000 0.000000 0.000000 1.000000
0.796918 -0.090467 -0.597275 0.000000 0.195924 0.973983 0.113886 0.008900 0.571433 -0.207778 0.793909 0.001100 0.000000 0.000000 0.000000 1.000000
0.794837 -0.097860 -0.598880 0.000000 0.210850 0.969958 0.121345 0.008900 0.569013 -0.222723 0.791592 0.001100 0.000000 0.000000 0.000000 1.000000
0.790987 -0.109798 -0.601900 -0.000000 0.225035 0.967016 0.119327 0.008900 0.568945 -0.229835 0.789606 0.001100 0.000000 0.000000 0.000000 1.000000
0.788505 -0.122367 -0.602732 0.000000 0.229476 0.967771 0.103727 0.008900 0.570614 -0.220102 0.791173 0.001100 0.000000 0.000000 0.000000 1.000000
0.787728 -0.134691 -0.601117 0.000000 0.227889 0.970293 0.081223 0.008900 0.572320 -0.200970 0.795022 0.001100 0.000000 0.000000 0.000000 1.000000
0.785703 -0.148321 -0.600559 0.000000 0.234927 0.969640 0.067877 0.008900 0.572259 -0.194419 0.796694 0.001100 0.000000 0.000000 0.000000 1.000000
0.780335 -0.162542 -0.603868 0.000000 0.257634 0.963436 0.073596 0.008900 0.569826 -0.213007 0.793679 0.001100 0.000000 0.000000 0.000000 1.000000
0.785889 -0.159614 -0.597413 -0.000000 0.258023 0.962633 0.082235 0.008900 0.561963 -0.218774 0.797706 0.001100 0.000000 0.000000 0.000000 1.000000
0.797453 -0.144739 -0.585764 0.000000 0.239182 0.967100 0.086654 0.008900 0.553951 -0.209207 0.805836 0.001100 0.000000 0.000000 0.000000 1.000000
0.806868 -0.127488 -0.576811 0.000000 0.213875 0.973237 0.084071 0.008900 0.550655 -0.191199 0.812540 0.001100 0.000000 0.000000 0.000000 1.000000
0.808910 -0.117684 -0.576034 -0.000000 0.196990 0.977381 0.076949 0.008900 0.553949 -0.175718 0.813796 0.001100 0.000000 0.000000 0.000000 1.000000
0.809945 -0.109568 -0.576180 0.000000 0.184161 0.980220 0.072477 0.008900 0.556842 -0.164812 0.814103 0.001100 0.000000 0.000000 0.000000 1.000000
0.811637 -0.102478 -0.575103 0.000000 0.174584 0.982050 0.071396 0.008900 0.557463 -0.158351 0.814960 0.001100 0.000000 0.000000 0.000000 1.000000
0.812493 -0.101359 -0.574093 0.000000 0.172939 0.982347 0.071315 0.008900 0.556730 -0.157226 0.815679 0.001100 0.000000 0.000000 0.000000 1.000000
0.810572 -0.108012 -0.575592 0.000000 0.180175 0.981168 0.069610 0.008900 0.557234 -0.160131 0.814769 0.001100 0.000000 0.000000 0.000000 1.000000
0.804478 -0.119148 -0.581910 0.000000 0.191988 0.979248 0.064915 0.008900 0.562100 -0.163943 0.810658 0.001100 0.000000 0.000000 0.000000 1.000000
0.796583 -0.123968 -0.591682 -0.000000 0.199237 0.977902 0.063344 0.008900 0.570755 -0.168343 0.803679 0.001100 0.000000 0.000000 0.000000 1.000000
0.791438 -0.121010 -0.599151 0.000000 0.205717 0.975759 0.074664 0.008900 0.575592 -0.182347 0.797147 0.001100 0.000000 0.000000 0.000000 1.000000
0.791970 -0.109032 -0.600746 0.000000 0.206334 0.973833 0.095268 0.008900 0.574639 -0.199404 0.793743 0.001100 0.000000 0.000000 0.000000 1.000000
0.799574 -0.090600 -0.593695 -0.000000 0.196504 0.973609 0.116071 0.008900 0.567511 -0.209470 0.796275 0.001100 0.000000 0.000000 0.000000 1.000000
0.812971 -0.071295 -0.577923 0.000000 0.175648 0.976273 0.126648 0.008900 0.555181 -0.204472 0.806204 0.001100 0.000000 0.000000 0.000000 1.000000
0.824893 -0.059419 -0.562158 -0.000000 0.163219 0.977140 0.136222 0.008900 0.541213 -0.204123 0.815734 0.001100 0.000000 0.000000 0.000000 1.000000
