<?xml version="1.0" encoding="utf-8"?>
<COLLADA xmlns="http://www.collada.org/2005/11/COLLADASchema" version="1.4.1">
  <asset>
    <contributor>
      <author>Mixamo</author>
      <authoring_tool>COLLADA Mixamo exporter</authoring_tool>
      <comments/>
    </contributor>
    <created>2026-05-01T17:19:55Z</created>
    <modified>2026-05-01T17:19:55Z</modified>
    <revision/>
    <title/>
    <unit meter="0.010000"/>
    <up_axis>Y_UP</up_axis>
  </asset>
  <library_animations>
    <animation id="mixamorig_Hips-anim" name="mixamorig_Hips">
      <source id="mixamorig_Hips-Matrix-animation-input">
        <float_array id="mixamorig_Hips-Matrix-animation-input-array" count="21">

0.000000 0.033333 0.066667 0.100000 0.133333 0.166667 0.200000 0.233333 0.266667 0.300000 0.333333 0.366667 0.400000 0.433333 0.466667 0.500000
0.533333 0.566667 0.600000 0.633333 0.666667</float_array>
        <technique_common>
          <accessor source="#mixamorig_Hips-Matrix-animation-input-array" count="21">
            <param name="TIME" type="float"/>
          </accessor>
        </technique_common>
      </source>
      <source id="mixamorig_Hips-Matrix-animation-output-transform">
        <float_array id="mixamorig_Hips-Matrix-animation-output-transform-array" count="336">

0.281334 0.339857 0.897412 -0.000193 -0.114926 0.940386 -0.320103 0.114102 -0.952703 -0.013080 0.303621 0.000243 0.000000 0.000000 0.000000 1.000000
0.275388 0.339296 0.899466 -0.001694 -0.118145 0.940497 -0.318602 0.113508 -0.954046 -0.018528 0.299088 0.000280 0.000000 0.000000 0.000000 1.000000
0.279967 0.328308 0.902127 -0.002197 -0.067232 0.944104 -0.322720 0.114694 -0.957653 0.029699 0.286390 -0.000168 0.000000 0.000000 0.000000 1.000000
0.270877 0.324121 0.906406 -0.003016 -0.000223 0.941630 -0.336650 0.116501 -0.962614 0.090988 0.255139 -0.000989 0.000000 0.000000 0.000000 1.000000
0.247373 0.335366 0.909031 -0.004196 0.034575 0.934536 -0.354184 0.118100 -0.968303 0.119045 0.219584 -0.001745 0.000000 0.000000 0.000000 1.000000
0.224027 0.351295 0.909068 -0.004433 0.016835 0.931242 -0.364012 0.119339 -0.974438 0.096853 0.202709 -0.001894 0.000000 0.000000 0.000000 1.000000
0.205456 0.345142 0.915787 -0.004202 0.001480 0.935639 -0.352956 0.119302 -0.978665 0.073872 0.191722 -0.001687 0.000000 0.000000 0.000000 1.000000
0.176295 0.333536 0.926107 -0.003319 0.014826 0.939836 -0.341303 0.118142 -0.984226 0.073901 0.160743 -0.001866 0.000000 0.000000 0.000000 1.000000
0.162127 0.330009 0.929951 -0.003785 0.023915 0.940828 -0.338038 0.116359 -0.986480 0.077045 0.144642 -0.002147 0.000000 0.000000 0.000000 1.000000
0.165315 0.335707 0.927346 -0.005535 0.023749 0.938656 -0.344035 0.114611 -0.985955 0.078898 0.147202 -0.002289 0.000000 0.000000 0.000000 1.000000
0.158900 0.343345 0.925670 -0.006430 0.021427 0.936162 -0.350915 0.113655 -0.987062 0.075594 0.141399 -0.002244 0.000000 0.000000 0.000000 1.000000
0.135159 0.358491 0.923697 -0.006416 -0.017025 0.932954 -0.359592 0.114574 -0.990678 0.032876 0.132201 -0.001884 0.000000 0.000000 0.000000 1.000000
0.127874 0.363851 0.922638 -0.005628 -0.066135 0.931333 -0.358114 0.116090 -0.989583 -0.015226 0.143156 -0.001693 0.000000 0.000000 0.000000 1.000000
0.137701 0.362289 0.921838 -0.004981 -0.110693 0.930503 -0.349159 0.117869 -0.984269 -0.053961 0.168234 -0.001727 0.000000 0.000000 0.000000 1.000000
0.174820 0.353285 0.919036 -0.003962 -0.119573 0.934119 -0.336338 0.119276 -0.977313 -0.051093 0.205547 -0.001886 0.000000 0.000000 0.000000 1.000000
0.217560 0.330386 0.918429 -0.000991 -0.068193 0.943814 -0.323364 0.119502 -0.973662 0.007720 0.227867 -0.001977 0.000000 0.000000 0.000000 1.000000
0.267857 0.300274 0.915472 0.002279 -0.049141 0.953214 -0.298275 0.119389 -0.962205 0.034908 0.270080 -0.001953 0.000000 0.000000 0.000000 1.000000
0.281507 0.284127 0.916529 0.003080 -0.057254 0.958428 -0.279530 0.118841 -0.957850 0.026214 0.286071 -0.001521 0.000000 0.000000 0.000000 1.000000
0.273521 0.301417 0.913419 0.001595 -0.084501 0.953491 -0.289336 0.116843 -0.958147 0.001955 0.286269 -0.001012 0.000000 0.000000 0.000000 1.000000
0.266505 0.333984 0.904118 -0.000315 -0.109244 0.942466 -0.315948 0.114421 -0.957623 -0.014567 0.287657 -0.000496 0.000000 0.000000 0.000000 1.000000
0.281334 0.339857 0.897412 -0.000193 -0.114926 0.940386 -0.320103 0.114102 -0.952703 -0.013080 0.303621 0.000243 0.000000 0.000000 0.000000 1.000000</float_array>
        <technique_common>
          <accessor source="#mixamorig_Hips-Matrix-animation-output-transform-array" count="21" stride="16">
            <param type="float4x4"/>
          </accessor>
        </technique_common>
      </source>
      <source id="mixamorig_Hips-Interpolations">
        <Name_array id="mixamorig_Hips-Interpolations-array" count="21">
 LINEAR LINEAR LINEAR LINEAR LINEAR LINEAR LINEAR LINEAR LINEAR LINEAR LINEAR
LINEAR LINEAR LINEAR LINEAR LINEAR LINEAR LINEAR LINEAR LINEAR LINEAR</Name_array>
        <technique_common>
          <accessor source="#mixamorig_Hips-Interpolations-array" count="21">
            <param type="name"/>
          </accessor>
        </technique_common>
      </source>
      <sampler id="mixamorig_Hips-Matrix-animation-transform">
        <input semantic="INPUT" source="#mixamorig_Hips-Matrix-animation-input"/>
        <input semantic="OUTPUT" source="#mixamorig_Hips-Matrix-animation-output-transform"/>
        <input semantic="INTERPOLATION" source="#mixamorig_Hips-Interpolations"/>
      </sampler>
      <channel source="#mixamorig_Hips-Matrix-animation-transform" target="mixamorig_Hips/matrix"/>
    </animation>
    <animation id="mixamorig_Spine-anim" name="mixamorig_Spine">
      <source id="mixamorig_Spine-Matrix-animation-input">
        <float_array id="mixamorig_Spine-Matrix-animation-input-array" count="21">

0.000000 0.033333 0.066667 0.100000 0.133333 0.166667 0.200000 0.233333 0.266667 0.300000 0.333333 0.366667 0.400000 0.433333 0.466667 0.500000
0.533333 0.566667 0.600000 0.633333 0.666667</float_array>
        <technique_common>
          <accessor source="#mixamorig_Spine-Matrix-animation-input-array" count="21">
            <param name="TIME" type="float"/>
          </accessor>
        </technique_common>
      </source>
      <source id="mixamorig_Spine-Matrix-animation-output-transform">
        <float_array id="mixamorig_Spine-Matrix-animation-output-transform-array" count="336">

0.984663 -0.119621 -0.127004 0.000000 0.103110 0.986208 -0.129469 0.008500 0.140739 0.114388 0.983416 -0.000300 0.000000 0.000000 0.000000 1.000000
0.988994 -0.110270 -0.098644 0.000000 0.097609 0.987333 -0.125084 0.008500 0.111188 0.114079 0.987230 -0.000300 0.000000 0.000000 0.000000 1.000000
0.995123 -0.063860 -0.075185 0.000000 0.055592 0.992667 -0.107341 0.008500 0.081489 0.102638 0.991375 -0.000300 0.000000 0.000000 0.000000 1.000000
0.998611 -0.007362 -0.052173 0.000000 0.002713 0.996062 -0.088618 0.008500 0.052620 0.088354 0.994698 -0.000300 0.000000 0.000000 0.000000 1.000000
0.999243 0.025241 -0.029588 0.000000 -0.027515 0.996483 -0.079153 0.008500 0.027486 0.079907 0.996423 -0.000300 0.000000 0.000000 0.000000 1.000000
0.999851 0.011244 -0.013133 0.000000 -0.012281 0.996578 -0.081744 0.008500 0.012168 0.081893 0.996567 -0.000300 0.000000 0.000000 0.000000 1.000000
0.999613 -0.014251 -0.023883 0.000000 0.012082 0.995991 -0.088635 0.008500 0.025051 0.088312 0.995778 -0.000300 0.000000 0.000000 0.000000 1.000000
0.997763 -0.028140 -0.060639 0.000000 0.022300 0.995236 -0.094909 0.008500 0.063021 0.093345 0.993637 -0.000300 0.000000 0.000000 0.000000 1.000000
0.993613 -0.027818 -0.109362 0.000000 0.016403 0.994451 -0.103917 0.008500 0.111646 0.101459 0.988555 -0.000300 0.000000 0.000000 0.000000 1.000000
0.987168 -0.024645 -0.157771 0.000000 0.006402 0.993332 -0.115110 0.008500 0.159556 0.112622 0.980744 -0.000300 0.000000 0.000000 0.000000 1.000000
0.979234 -0.038839 -0.198977 0.000000 0.013805 0.991974 -0.125687 0.008500 0.202261 0.120330 0.971911 -0.000300 0.000000 0.000000 0.000000 1.000000
0.967184 -0.089469 -0.237802 -0.000000 0.059435 0.989651 -0.130607 0.008500 0.247026 0.112187 0.962493 -0.000300 0.000000 0.000000 0.000000 1.000000
0.948738 -0.157196 -0.274199 0.000000 0.122887 0.982749 -0.138212 0.008500 0.291195 0.097431 0.951689 -0.000300 0.000000 0.000000 0.000000 1.000000
0.931120 -0.199726 -0.305165 -0.000000 0.162432 0.976254 -0.143330 0.008500 0.326546 0.083889 0.941451 -0.000300 0.000000 0.000000 0.000000 1.000000
0.924849 -0.195601 -0.326182 -0.000000 0.158529 0.977820 -0.136880 0.008500 0.345721 0.074885 0.935344 -0.000300 0.000000 0.000000 0.000000 1.000000
0.931653 -0.151738 -0.330150 0.000000 0.119018 0.985941 -0.117285 0.008500 0.343305 0.069975 0.936614 -0.000300 0.000000 0.000000 0.000000 1.000000
0.945373 -0.116695 -0.304388 0.000000 0.088476 0.990533 -0.104956 0.008500 0.313755 0.072291 0.946748 -0.000300 0.000000 0.000000 0.000000 1.000000
0.960051 -0.113295 -0.255864 -0.000000 0.088181 0.990274 -0.107616 0.008500 0.265568 0.080755 0.960704 -0.000300 0.000000 0.000000 0.000000 1.000000
0.972424 -0.125110 -0.196823 -0.000000 0.103778 0.987903 -0.115231 0.008500 0.208859 0.091627 0.973644 -0.000300 0.000000 0.000000 0.000000 1.000000
0.980288 -0.131693 -0.147282 -0.000000 0.114124 0.985947 -0.121998 0.008500 0.161278 0.102785 0.981542 -0.000300 0.000000 0.000000 0.000000 1.000000
0.984663 -0.119621 -0.127003 -0.000000 0.103109 0.986208 -0.129470 0.008500 0.140739 0.114389 0.983416 -0.000300 0.000000 0.000000 0.000000 1.000000</float_array>
        <technique_common>
          <accessor source="#mixamorig_Spine-Matrix-animation-output-transform-array" count="21" stride="16">
            <param type="float4x4"/>
          </accessor>
        </technique_common>
      </source>
      <source id="mixamorig_Spine-Interpolations">
        <Name_array id="mixamorig_Spine-Interpolations-array" count="21">
 LINEAR LINEAR LINEAR LINEAR LINEAR LINEAR LINEAR LINEAR LINEAR LINEAR LINEAR
LINEAR LINEAR LINEAR LINEAR LINEAR LINEAR LINEAR LINEAR LINEAR LINEAR</Name_array>
        <technique_common>
          <accessor source="#mixamorig_Spine-Interpolations-array" count="21">
            <param type="name"/>
          </accessor>
        </technique_common>
      </source>
      <sampler id="mixamorig_Spine-Matrix-animation-transform">
        <input semantic="INPUT" source="#mixamorig_Spine-Matrix-animation-input"/>
        <input semantic="OUTPUT" source="#mixamorig_Spine-Matrix-animation-output-transform"/>
        <input semantic="INTERPOLATION" source="#mixamorig_Spine-Interpolations"/>
      </sampler>
      <channel source="#mixamorig_Spine-Matrix-animation-transform" target="mixamorig_Spine/matrix"/>
    </animation>
    <animation id="mixamorig_Spine1-anim" name="mixamorig_Spine1">
      <source id="mixamorig_Spine1-Matrix-animation-input">
        <float_array id="mixamorig_Spine1-Matrix-animation-input-array" count="21">

0.000000 0.033333 0.066667 0.100000 0.133333 0.166667 0.200000 0.233333 0.266667 0.300000 0.333333 0.366667 0.400000 0.433333 0.466667 0.500000
0.533333 0.566667 0.600000 0.633333 0.666667</float_array>
        <technique_common>
          <accessor source="#mixamorig_Spine1-Matrix-animation-input-array" count="21">
            <param name="TIME" type="float"/>
          </accessor>
        </technique_common>
      </source>
      <source id="mixamorig_Spine1-Matrix-animation-output-transform">
        <float_array id="mixamorig_Spine1-Matrix-animation-output-transform-array" count="336">

0.997439 -0.041014 -0.058594 -0.000000 0.037555 0.997553 -0.058977 0.009900 0.060870 0.056626 0.996538 0.000000 0.000000 0.000000 0.000000 1.000000
0.998353 -0.035219 -0.045279 0.000000 0.032564 0.997780 -0.058090 0.009900 0.047225 0.056520 0.997284 0.000000 0.000000 0.000000 0.000000 1.000000
0.999206 -0.022202 -0.033069 0.000000 0.020389 0.998324 -0.054167 0.009900 0.034216 0.053450 0.997984 -0.000000 0.000000 0.000000 0.000000 1.000000
0.999727 -0.008544 -0.021738 0.000000 0.007445 0.998715 -0.050131 0.009900 0.022139 0.049956 0.998506 0.000000 0.000000 0.000000 0.000000 1.000000
0.999921 -0.001354 -0.012493 -0.000000 0.000754 0.998850 -0.047928 0.009900 0.012543 0.047915 0.998773 0.000000 0.000000 0.000000 0.000000 1.000000
0.999955 -0.004648 -0.008231 0.000000 0.004251 0.998858 -0.047598 0.009900 0.008443 0.047561 0.998833 0.000000 0.000000 0.000000 0.000000 1.000000
0.999830 -0.011472 -0.014417 0.000000 0.010767 0.998786 -0.048078 0.009900 0.014951 0.047914 0.998740 0.000000 0.000000 0.000000 0.000000 1.000000
0.999478 -0.014897 -0.028654 0.000000 0.013460 0.998674 -0.049697 0.009900 0.029357 0.049286 0.998353 -0.000000 0.000000 0.000000 0.000000 1.000000
0.998793 -0.015923 -0.046473 -0.000000 0.013424 0.998473 -0.053586 0.009900 0.047255 0.052898 0.997481 -0.000000 0.000000 0.000000 0.000000 1.000000
0.997726 -0.018167 -0.064908 0.000000 0.014345 0.998162 -0.058874 0.009900 0.065858 0.057809 0.996153 0.000000 0.000000 0.000000 0.000000 1.000000
0.996198 -0.025884 -0.083188 0.000000 0.020685 0.997814 -0.062759 0.009900 0.084630 0.060800 0.994556 -0.000000 0.000000 0.000000 0.000000 1.000000
0.993899 -0.039898 -0.102830 0.000000 0.033659 0.997526 -0.061710 0.009900 0.105037 0.057872 0.992783 0.000000 0.000000 0.000000 0.000000 1.000000
0.991249 -0.052750 -0.121009 0.000000 0.045767 0.997162 -0.059781 0.009900 0.123819 0.053719 0.990850 0.000000 0.000000 0.000000 0.000000 1.000000
0.989282 -0.058837 -0.133637 0.000000 0.051536 0.997017 -0.057447 0.009900 0.136618 0.049945 0.989364 0.000000 0.000000 0.000000 0.000000 1.000000
0.988654 -0.057293 -0.138858 0.000000 0.050230 0.997285 -0.053847 0.009900 0.141566 0.046261 0.988847 0.000000 0.000000 0.000000 0.000000 1.000000
0.989163 -0.051995 -0.137304 0.000000 0.045738 0.997783 -0.048345 0.009900 0.139514 0.041541 0.989348 0.000000 0.000000 0.000000 0.000000 1.000000
0.990372 -0.048852 -0.129522 -0.000000 0.043212 0.998006 -0.046002 0.009900 0.131511 0.039962 0.990509 0.000000 0.000000 0.000000 0.000000 1.000000
0.992304 -0.048315 -0.114008 0.000000 0.043057 0.997912 -0.048142 0.009900 0.116096 0.042863 0.992313 0.000000 0.000000 0.000000 0.000000 1.000000
0.994633 -0.048181 -0.091560 0.000000 0.043564 0.997708 -0.051772 0.009900 0.093845 0.047506 0.994453 0.000000 0.000000 0.000000 0.000000 1.000000
0.996508 -0.046154 -0.069578 0.000000 0.042345 0.997574 -0.055260 0.009900 0.071960 0.052120 0.996045 0.000000 0.000000 0.000000 0.000000 1.000000
0.997439 -0.041015 -0.058594 0.000000 0.037555 0.997553 -0.058977 0.009900 0.060870 0.056626 0.996538 -0.000000 0.000000 0.000000 0.000000 1.000000</float_array>
        <technique_common>
          <accessor source="#mixamorig_Spine1-Matrix-animation-output-transform-array" count="21" stride="16">
            <param type="float4x4"/>
          </accessor>
        </technique_common>
      </source>
      <source id="mixamorig_Spine1-Interpolations">
        <Name_array id="mixamorig_Spine1-Interpolations-array" count="21">
 LINEAR LINEAR LINEAR LINEAR LINEAR LINEAR LINEAR LINEAR LINEAR LINEAR LINEAR
LINEAR LINEAR LINEAR LINEAR LINEAR LINEAR LINEAR LINEAR LINEAR LINEAR</Name_array>
        <technique_common>
          <accessor source="#mixamorig_Spine1-Interpolations-array" count="21">
            <param type="name"/>
          </accessor>
        </technique_common>
      </source>
      <sampler id="mixamorig_Spine1-Matrix-animation-transform">
        <input semantic="INPUT" source="#mixamorig_Spine1-Matrix-animation-input"/>
        <input semantic="OUTPUT" source="#mixamorig_Spine1-Matrix-animation-output-transform"/>
        <input semantic="INTERPOLATION" source="#mixamorig_Spine1-Interpolations"/>
      </sampler>
      <channel source="#mixamorig_Spine1-Matrix-animation-transform" target="mixamorig_Spine1/matrix"/>
    </animation>
    <animation id="mixamorig_Spine2-anim" name="mixamorig_Spine2">
      <source id="mixamorig_Spine2-Matrix-animation-input">
        <float_array id="mixamorig_Spine2-Matrix-animation-input-array" count="21">

0.000000 0.033333 0.066667 0.100000 0.133333 0.166667 0.200000 0.233333 0.266667 0.300000 0.333333 0.366667 0.400000 0.433333 0.466667 0.500000
0.533333 0.566667 0.600000 0.633333 0.666667</float_array>
        <technique_common>
          <accessor source="#mixamorig_Spine2-Matrix-animation-input-array" count="21">
            <param name="TIME" type="float"/>
          </accessor>
        </technique_common>
      </source>
      <source id="mixamorig_Spine2-Matrix-animation-output-transform">
        <float_array id="mixamorig_Spine2-Matrix-animation-output-transform-array" count="336">

0.997419 -0.041870 -0.058321 0.000000 0.038445 0.997538 -0.058655 0.011300 0.060634 0.056261 0.996573 0.000000 0.000000 0.000000 0.000000 1.000000
0.998336 -0.035854 -0.045172 0.000000 0.033219 0.997775 -0.057799 0.011300 0.047144 0.056202 0.997306 -0.000000 0.000000 0.000000 0.000000 1.000000
0.999193 -0.022581 -0.033230 0.000000 0.020769 0.998330 -0.053898 0.011300 0.034392 0.053165 0.997993 0.000000 0.000000 0.000000 0.000000 1.000000
0.999717 -0.008716 -0.022118 -0.000000 0.007603 0.998725 -0.049911 0.011300 0.022525 0.049729 0.998509 0.000000 0.000000 0.000000 0.000000 1.000000
0.999915 -0.001429 -0.012935 0.000000 0.000809 0.998857 -0.047785 0.011300 0.012989 0.047770 0.998774 0.000000 0.000000 0.000000 0.000000 1.000000
0.999952 -0.004746 -0.008569 -0.000000 0.004334 0.998861 -0.047510 0.011300 0.008785 0.047471 0.998834 0.000000 0.000000 0.000000 0.000000 1.000000
0.999825 -0.011647 -0.014608 -0.000000 0.010934 0.998789 -0.047970 0.011300 0.015149 0.047802 0.998742 0.000000 0.000000 0.000000 0.000000 1.000000
0.999472 -0.015167 -0.028741 -0.000000 0.013731 0.998678 -0.049539 0.011300 0.029455 0.049118 0.998359 -0.000000 0.000000 0.000000 0.000000 1.000000
0.998786 -0.016359 -0.046473 -0.000000 0.013869 0.998476 -0.053416 0.011300 0.047276 0.052706 0.997490 0.000000 0.000000 0.000000 0.000000 1.000000
0.997720 -0.018872 -0.064796 -0.000000 0.015065 0.998159 -0.058752 0.011300 0.065786 0.057642 0.996167 -0.000000 0.000000 0.000000 0.000000 1.000000
0.996192 -0.026938 -0.082915 -0.000000 0.021763 0.997795 -0.062694 0.011300 0.084421 0.060651 0.994583 -0.000000 0.000000 0.000000 0.000000 1.000000
0.993885 -0.041192 -0.102454 0.000000 0.035002 0.997493 -0.061499 0.011300 0.104730 0.057537 0.992835 -0.000000 0.000000 0.000000 0.000000 1.000000
0.991216 -0.054117 -0.120677 0.000000 0.047234 0.997129 -0.059186 0.011300 0.123533 0.052966 0.990926 -0.000000 0.000000 0.000000 0.000000 1.000000
0.989230 -0.060318 -0.133361 0.000000 0.053170 0.996984 -0.056529 0.011300 0.136369 0.048830 0.989454 0.000000 0.000000 0.000000 0.000000 1.000000
0.988597 -0.059088 -0.138507 0.000000 0.052190 0.997234 -0.052918 0.011300 0.141251 0.045086 0.988947 0.000000 0.000000 0.000000 0.000000 1.000000
0.989125 -0.054280 -0.136693 0.000000 0.048145 0.997696 -0.047793 0.011300 0.138973 0.040692 0.989460 0.000000 0.000000 0.000000 0.000000 1.000000
0.990351 -0.051325 -0.128723 0.000000 0.045763 0.997902 -0.045800 0.011300 0.130804 0.039467 0.990622 0.000000 0.000000 0.000000 0.000000 1.000000
0.992284 -0.050446 -0.113259 -0.000000 0.045249 0.997822 -0.047995 0.011300 0.115433 0.042500 0.992406 0.000000 0.000000 0.000000 0.000000 1.000000
0.994610 -0.049687 -0.091009 0.000000 0.045126 0.997652 -0.051510 0.011300 0.093354 0.047125 0.994517 0.000000 0.000000 0.000000 0.000000 1.000000
0.996487 -0.047131 -0.069227 0.000000 0.043367 0.997550 -0.054898 0.011300 0.071645 0.051703 0.996089 0.000000 0.000000 0.000000 0.000000 1.000000
0.997419 -0.041870 -0.058322 0.000000 0.038446 0.997538 -0.058655 0.011300 0.060634 0.056261 0.996573 0.000000 0.000000 0.000000 0.000000 1.000000</float_array>
        <technique_common>
          <accessor source="#mixamorig_Spine2-Matrix-animation-output-transform-array" count="21" stride="16">
            <param type="float4x4"/>
          </accessor>
        </technique_common>
      </source>
      <source id="mixamorig_Spine2-Interpolations">
        <Name_array id="mixamorig_Spine2-Interpolations-array" count="21">
 LINEAR LINEAR LINEAR LINEAR LINEAR LINEAR LINEAR LINEAR LINEAR LINEAR LINEAR
LINEAR LINEAR LINEAR LINEAR LINEAR LINEAR LINEAR LINEAR LINEAR LINEAR</Name_array>
        <technique_common>
          <accessor source="#mixamorig_Spine2-Interpolations-array" count="21">
            <param type="name"/>
          </accessor>
        </technique_common>
      </source>
      <sampler id="mixamorig_Spine2-Matrix-animation-transform">
        <input semantic="INPUT" source="#mixamorig_Spine2-Matrix-animation-input"/>
        <input semantic="OUTPUT" source="#mixamorig_Spine2-Matrix-animation-output-transform"/>
        <input semantic="INTERPOLATION" source="#mixamorig_Spine2-Interpolations"/>
      </sampler>
      <channel source="#mixamorig_Spine2-Matrix-animation-transform" target="mixamorig_Spine2/matrix"/>
    </animation>
    <animation id="mixamorig_Neck-anim" name="mixamorig_Neck">
      <source id="mixamorig_Neck-Matrix-animation-input">
        <float_array id="mixamorig_Neck-Matrix-animation-input-array" count="21">

0.000000 0.033333 0.066667 0.100000 0.133333 0.166667 0.200000 0.233333 0.266667 0.300000 0.333333 0.366667 0.400000 0.433333 0.466667 0.500000
0.533333 0.566667 0.600000 0.633333 0.666667</float_array>
        <technique_common>
          <accessor source="#mixamorig_Neck-Matrix-animation-input-array" count="21">
            <param name="TIME" type="float"/>
          </accessor>
        </technique_common>
      </source>
      <source id="mixamorig_Neck-Matrix-animation-output-transform">
        <float_array id="mixamorig_Neck-Matrix-animation-output-transform-array" count="336">

0.992070 0.039773 -0.119226 0.000000 -0.041643 0.999045 -0.013234 0.012700 0.118586 0.018094 0.992779 0.000000 0.000000 0.000000 0.000000 1.000000
0.990552 0.037778 -0.131830 0.000000 -0.040154 0.999075 -0.015411 0.012700 0.131126 0.020559 0.991153 0.000000 0.000000 0.000000 0.000000 1.000000
0.988768 0.029579 -0.146505 -0.000000 -0.032577 0.999305 -0.018107 0.012700 0.145867 0.022676 0.989044 -0.000000 0.000000 0.000000 0.000000 1.000000
0.986539 0.018950 -0.162427 0.000000 -0.021522 0.999669 -0.014090 0.012700 0.162106 0.017396 0.986620 0.000000 0.000000 0.000000 0.000000 1.000000
0.984277 0.011227 -0.176275 0.000000 -0.011936 0.999924 -0.002960 0.012700 0.176228 0.005017 0.984337 0.000000 0.000000 0.000000 0.000000 1.000000
0.983164 0.010090 -0.182445 0.000000 -0.008861 0.999932 0.007552 0.012700 0.182509 -0.005808 0.983187 -0.000000 0.000000 0.000000 0.000000 1.000000
0.984289 0.012474 -0.176125 0.000000 -0.011724 0.999917 0.005297 0.012700 0.176176 -0.003149 0.984354 0.000000 0.000000 0.000000 0.000000 1.000000
0.986621 0.016236 -0.162223 -0.000000 -0.016693 0.999860 -0.001451 0.012700 0.162177 0.004139 0.986753 0.000000 0.000000 0.000000 0.000000 1.000000
0.989058 0.020628 -0.146077 -0.000000 -0.021173 0.999773 -0.002178 0.012700 0.145999 0.005247 0.989271 -0.000000 0.000000 0.000000 0.000000 1.000000
0.991074 0.026074 -0.130742 0.000000 -0.025616 0.999658 0.005178 0.012700 0.130832 -0.001783 0.991403 0.000000 0.000000 0.000000 0.000000 1.000000
0.992608 0.034642 -0.116314 -0.000000 -0.033390 0.999362 0.012694 0.012700 0.116679 -0.008717 0.993131 -0.000000 0.000000 0.000000 0.000000 1.000000
0.993882 0.049311 -0.098832 0.000000 -0.048963 0.998783 0.005942 0.012700 0.099005 -0.001066 0.995086 0.000000 0.000000 0.000000 0.000000 1.000000
0.994964 0.061010 -0.079522 0.000000 -0.061989 0.998028 -0.009893 0.012700 0.078762 0.014772 0.996784 0.000000 0.000000 0.000000 0.000000 1.000000
0.995840 0.065399 -0.063454 0.000000 -0.067298 0.997332 -0.028265 0.012700 0.061436 0.032418 0.997584 0.000000 0.000000 0.000000 0.000000 1.000000
0.996436 0.064860 -0.053933 0.000000 -0.067252 0.996775 -0.043791 0.012700 0.050919 0.047262 0.997584 0.000000 0.000000 0.000000 0.000000 1.000000
0.996368 0.067100 -0.052432 0.000000 -0.069876 0.996145 -0.053040 0.012700 0.048671 0.056511 0.997215 0.000000 0.000000 0.000000 0.000000 1.000000
0.995567 0.072423 -0.060008 0.000000 -0.075430 0.995924 -0.049456 0.012700 0.056181 0.053763 0.996972 0.000000 0.000000 0.000000 0.000000 1.000000
0.994661 0.067493 -0.078063 0.000000 -0.070383 0.996910 -0.034887 0.012700 0.075467 0.040195 0.996338 0.000000 0.000000 0.000000 0.000000 1.000000
0.993507 0.052044 -0.101167 -0.000000 -0.054267 0.998339 -0.019336 0.012700 0.099992 0.024701 0.994682 0.000000 0.000000 0.000000 0.000000 1.000000
0.992238 0.037353 -0.118607 0.000000 -0.038964 0.999177 -0.011289 0.012700 0.118088 0.015823 0.992877 -0.000000 0.000000 0.000000 0.000000 1.000000
0.992070 0.039773 -0.119226 -0.000000 -0.041643 0.999045 -0.013234 0.012700 0.118586 0.018094 0.992779 -0.000000 0.000000 0.000000 0.000000 1.000000</float_array>
        <technique_common>
          <accessor source="#mixamorig_Neck-Matrix-animation-output-transform-array" count="21" stride="16">
            <param type="float4x4"/>
          </accessor>
        </technique_common>
      </source>
      <source id="mixamorig_Neck-Interpolations">
        <Name_array id="mixamorig_Neck-Interpolations-array" count="21">
 LINEAR LINEAR LINEAR LINEAR LINEAR LINEAR LINEAR LINEAR LINEAR LINEAR LINEAR
LINEAR LINEAR LINEAR LINEAR LINEAR LINEAR LINEAR LINEAR LINEAR LINEAR</Name_array>
        <technique_common>
          <accessor source="#mixamorig_Neck-Interpolations-array" count="21">
            <param type="name"/>
          </accessor>
        </technique_common>
      </source>
      <sampler id="mixamorig_Neck-Matrix-animation-transform">
        <input semantic="INPUT" source="#mixamorig_Neck-Matrix-animation-input"/>
        <input semantic="OUTPUT" source="#mixamorig_Neck-Matrix-animation-output-transform"/>
        <input semantic="INTERPOLATION" source="#mixamorig_Neck-Interpolations"/>
      </sampler>
      <channel source="#mixamorig_Neck-Matrix-animation-transform" target="mixamorig_Neck/matrix"/>
    </animation>
    <animation id="mixamorig_Head-anim" name="mixamorig_Head">
      <source id="mixamorig_Head-Matrix-animation-input">
        <float_array id="mixamorig_Head-Matrix-animation-input-array" count="21">

0.000000 0.033333 0.066667 0.100000 0.133333 0.166667 0.200000 0.233333 0.266667 0.300000 0.333333 0.366667 0.400000 0.433333 0.466667 0.500000
0.533333 0.566667 0.600000 0.633333 0.666667</float_array>
        <technique_common>
          <accessor source="#mixamorig_Head-Matrix-animation-input-array" count="21">
            <param name="TIME" type="float"/>
          </accessor>
        </technique_common>
      </source>
      <source id="mixamorig_Head-Matrix-animation-output-transform">
        <float_array id="mixamorig_Head-Matrix-animation-output-transform-array" count="336">

0.654083 -0.194416 -0.731011 -0.000000 0.480878 0.852856 0.203452 0.008900 0.583893 -0.484602 0.651329 0.001100 0.000000 0.000000 0.000000 1.000000
0.628927 -0.180779 -0.756155 0.000000 0.465106 0.866843 0.179608 0.008900 0.622999 -0.464653 0.629262 0.001100 0.000000 0.000000 0.000000 1.000000
0.583922 -0.190526 -0.789136 -0.000000 0.459409 0.878994 0.127719 0.008900 0.669312 -0.437114 0.600793 0.001100 0.000000 0.000000 0.000000 1.000000
0.531898 -0.202113 -0.822335 -0.000000 0.461888 0.883168 0.081691 0.008900 0.709749 -0.423278 0.563109 0.001100 0.000000 0.000000 0.000000 1.000000
0.493324 -0.197078 -0.847226 0.000000 0.466985 0.881738 0.066811 0.008900 0.733864 -0.428601 0.527015 0.001100 0.000000 0.000000 0.000000 1.000000
0.487497 -0.176007 -0.855200 -0.000000 0.468247 0.879409 0.085929 0.008900 0.736947 -0.442335 0.511125 0.001100 0.000000 0.000000 0.000000 1.000000
0.514406 -0.163192 -0.841876 0.000000 0.461284 0.880254 0.111224 0.008900 0.722913 -0.445558 0.528086 0.001100 0.000000 0.000000 0.000000 1.000000
0.549718 -0.167073 -0.818472 0.000000 0.461172 0.877649 0.130588 0.008900 0.696513 -0.449243 0.559509 0.001100 0.000000 0.000000 0.000000 1.000000
0.581347 -0.183586 -0.792674 0.000000 0.475035 0.867522 0.147469 0.008900 0.660589 -0.462278 0.591541 0.001100 0.000000 0.000000 0.000000 1.000000
0.606709 -0.203220 -0.768509 -0.000000 0.494776 0.853215 0.164989 0.008900 0.622174 -0.480340 0.618201 0.001100 0.000000 0.000000 0.000000 1.000000
0.634097 -0.213348 -0.743239 0.000000 0.497786 0.848155 0.181224 0.008900 0.591718 -0.484888 0.644014 0.001100 0.000000 0.000000 0.000000 1.000000
0.672767 -0.210901 -0.709159 0.000000 0.472506 0.860051 0.192483 0.008900 0.569318 -0.464578 0.678266 0.001100 0.000000 0.000000 0.000000 1.000000
0.714613 -0.211032 -0.666928 -0.000000 0.444484 0.873182 0.199969 0.008900 0.540150 -0.439339 0.717788 0.001100 0.000000 0.000000 0.000000 1.000000
0.747636 -0.219422 -0.626813 0.000000 0.425192 0.883184 0.197983 0.008900 0.510149 -0.414536 0.753597 0.001100 0.000000 0.000000 0.000000 1.000000
0.765720 -0.232784 -0.599571 0.000000 0.415474 0.890631 0.184819 0.008900 0.490974 -0.390625 0.778689 0.001100 0.000000 0.000000 0.000000 1.000000
0.768529 -0.239277 -0.593389 0.000000 0.405661 0.899425 0.162710 0.008900 0.494776 -0.365762 0.788299 0.001100 0.000000 0.000000 0.000000 1.000000
0.756744 -0.228341 -0.612534 -0.000000 0.394052 0.906975 0.148722 0.008900 0.521594 -0.353915 0.776327 0.001100 0.000000 0.000000 0.000000 1.000000
0.728016 -0.206461 -0.653732 -0.000000 0.395726 0.905227 0.154805 0.008900 0.559815 -0.371400 0.740722 0.001100 0.000000 0.000000 0.000000 1.000000
0.690464 -0.185959 -0.699056 -0.000000 0.416715 0.892178 0.174261 0.008900 0.591277 -0.411627 0.693509 0.001100 0.000000 0.000000 0.000000 1.000000
0.660216 -0.178832 -0.729475 -0.000000 0.449915 0.871866 0.193458 0.008900 0.601408 -0.455925 0.656079 0.001100 0.000000 0.000000 0.000000 1.000000
0.654083 -0.194416 -0.731011 0.000000 0.480878 0.852856 0.203452 0.008900 0.583893 -0.484602 0.651329 0.001100 0.000000 0.000000 0.000000 1.000000</float_array>
        <technique_common>
          <accessor source="#mixamorig_Head-Matrix-animation-output-transform-array" count="21" stride="16">
            <param type="float4x4"/>
          </accessor>
        </technique_common>
      </source>
      <source id="mixamorig_Head-Interpolations">
        <Name_array id="mixamorig_Head-Interpolations-array" count="21">
 LINEAR LINEAR LINEAR LINEAR LINEAR LINEAR LINEAR LINEAR LINEAR LINEAR LINEAR
LINEAR LINEAR LINEAR LINEAR LINEAR LINEAR LINEAR LINEAR LINEAR LINEAR</Name_array>
        <technique_common>
          <accessor source="#mixamorig_Head-Interpolations-array" count="21">
            <param type="name"/>
          </accessor>
        </technique_common>
      </source>
      <sampler id="mixamorig_Head-Matrix-animation-transform">
        <input semantic="INPUT" source="#mixamorig_Head-Matrix-animation-input"/>
        <input semantic="OUTPUT" source="#mixamorig_Head-Matrix-animation-output-transform"/>
        <input semantic="INTERPOLATION" source="#mixamorig_Head-Interpolations"/>
      </sampler>
      <channel source="#mixamorig_Head-Matrix-animation-transform" target="mixamorig_Head/matrix"/>
    </animation>
    <animation id="mixamorig_LeftShoulder-anim" name="mixamorig_LeftShoulder">
      <source id="mixamorig_LeftShoulder-Matrix-animation-input">
        <float_array id="mixamorig_LeftShoulder-Matrix-animation-input-array" count="21">

0.000000 0.033333 0.066667 0.100000 0.133333 0.166667 0.200000 0.233333 0.266667 0.300000 0.333333 0.366667 0.400000 0.433333 0.466667 0.500000
0.533333 0.566667 0.600000 0.633333 0.666667</float_array>
        <technique_common>
          <accessor source="#mixamorig_LeftShoulder-Matrix-animation-input-array" count="21">
            <param name="TIME" type="float"/>
          </accessor>
        </technique_common>
      </source>
      <source id="mixamorig_LeftShoulder-Matrix-animation-output-transform">
        <float_array id="mixamorig_LeftShoulder-Matrix-animation-output-transform-array" count="336">

0.190865 0.911849 -0.363460 0.005200 0.009558 -0.371975 -0.928193 0.011800 -0.981570 0.173686 -0.079712 -0.000100 0.000000 0.000000 0.000000 1.000000
0.185630 0.915327 -0.357376 0.005200 0.010114 -0.365458 -0.930773 0.011800 -0.982568 0.169165 -0.077098 -0.000100 0.000000 0.000000 0.000000 1.000000
0.183295 0.919559 -0.347583 0.005200 0.010704 -0.355419 -0.934646 0.011800 -0.983000 0.167595 -0.074989 -0.000100 0.000000 0.000000 0.000000 1.000000
0.194328 0.920994 -0.337649 0.005200 0.011180 -0.346267 -0.938069 0.011800 -0.980873 0.178518 -0.077586 -0.000100 0.000000 0.000000 0.000000 1.000000
0.217400 0.918018 -0.331632 0.005200 0.011382 -0.342120 -0.939588 0.011800 -0.976016 0.200492 -0.084825 -0.000100 0.000000 0.000000 0.000000 1.000000
0.239152 0.912200 -0.332713 0.005200 0.011136 -0.345211 -0.938459 0.011800 -0.970918 0.220729 -0.092716 -0.000100 0.000000 0.000000 0.000000 1.000000
0.249640 0.906217 -0.341248 0.005200 0.010212 -0.354849 -0.934868 0.011800 -0.968285 0.229895 -0.097839 -0.000100 0.000000 0.000000 0.000000 1.000000
0.253237 0.898899 -0.357565 0.005200 0.008588 -0.371687 -0.928318 0.011800 -0.967366 0.232013 -0.101845 -0.000100 0.000000 0.000000 0.000000 1.000000
0.252991 0.891270 -0.376341 0.005200 0.006805 -0.390625 -0.920525 0.011800 -0.967445 0.230324 -0.104890 -0.000100 0.000000 0.000000 0.000000 1.000000
0.253268 0.886011 -0.388382 0.005200 0.005635 -0.402816 -0.915264 0.011800 -0.967380 0.229618 -0.107013 -0.000100 0.000000 0.000000 0.000000 1.000000
0.258589 0.886715 -0.383234 0.005200 0.005916 -0.398174 -0.917291 0.011800 -0.965969 0.234934 -0.108209 -0.000100 0.000000 0.000000 0.000000 1.000000
0.267183 0.894086 -0.359477 0.005200 0.008241 -0.375145 -0.926929 0.011800 -0.963611 0.244698 -0.107600 -0.000100 0.000000 0.000000 0.000000 1.000000
0.265786 0.904336 -0.333968 0.005200 0.011190 -0.349299 -0.936944 0.011800 -0.963967 0.245289 -0.102958 -0.000100 0.000000 0.000000 0.000000 1.000000
0.251334 0.914613 -0.316724 0.005200 0.013124 -0.330418 -0.943743 0.011800 -0.967811 0.233038 -0.095049 -0.000100 0.000000 0.000000 0.000000 1.000000
0.229863 0.922099 -0.311283 0.005200 0.013522 -0.322843 -0.946356 0.011800 -0.973129 0.213323 -0.086678 -0.000100 0.000000 0.000000 0.000000 1.000000
0.214366 0.924417 -0.315437 0.005200 0.013006 -0.325618 -0.945412 0.011800 -0.976667 0.198562 -0.081824 -0.000100 0.000000 0.000000 0.000000 1.000000
0.212539 0.921089 -0.326223 0.005200 0.012218 -0.336330 -0.941665 0.011800 -0.977076 0.196154 -0.082737 -0.000100 0.000000 0.000000 0.000000 1.000000
0.220880 0.914651 -0.338564 0.005200 0.011285 -0.349512 -0.936864 0.011800 -0.975236 0.203114 -0.087522 -0.000100 0.000000 0.000000 0.000000 1.000000
0.230064 0.908741 -0.348224 0.005200 0.010448 -0.360108 -0.932852 0.011800 -0.973119 0.210978 -0.092342 -0.000100 0.000000 0.000000 0.000000 1.000000
0.224773 0.907275 -0.355428 0.005200 0.009857 -0.366860 -0.930224 0.011800 -0.974361 0.205586 -0.091403 -0.000100 0.000000 0.000000 0.000000 1.000000
0.190865 0.911848 -0.363461 0.005200 0.009557 -0.371977 -0.928193 0.011800 -0.981570 0.173685 -0.079712 -0.000100 0.000000 0.000000 0.000000 1.000000</float_array>
        <technique_common>
          <accessor source="#mixamorig_LeftShoulder-Matrix-animation-output-transform-array" count="21" stride="16">
            <param type="float4x4"/>
          </accessor>
        </technique_common>
      </source>
      <source id="mixamorig_LeftShoulder-Interpolations">
        <Name_array id="mixamorig_LeftShoulder-Interpolations-array" count="21">
 LINEAR LINEAR LINEAR LINEAR LINEAR LINEAR LINEAR LINEAR LINEAR LINEAR LINEAR
LINEAR LINEAR LINEAR LINEAR LINEAR LINEAR LINEAR LINEAR LINEAR LINEAR</Name_array>
        <technique_common>
          <accessor source="#mixamorig_LeftShoulder-Interpolations-array" count="21">
            <param type="name"/>
          </accessor>
        </technique_common>
      </source>
      <sampler id="mixamorig_LeftShoulder-Matrix-animation-transform">
        <input semantic="INPUT" source="#mixamorig_LeftShoulder-Matrix-animation-input"/>
        <input semantic="OUTPUT" source="#mixamorig_LeftShoulder-Matrix-animation-output-transform"/>
        <input semantic="INTERPOLATION" source="#mixamorig_LeftShoulder-Interpolations"/>
      </sampler>
      <channel source="#mixamorig_LeftShoulder-Matrix-animation-transform" target="mixamorig_LeftShoulder/matrix"/>
    </animation>
    <animation id="mixamorig_LeftArm-anim" name="mixamorig_LeftArm">
      <source id="mixamorig_LeftArm-Matrix-animation-input">
        <float_array id="mixamorig_LeftArm-Matrix-animation-input-array" count="21">

0.000000 0.033333 0.066667 0.100000 0.133333 0.166667 0.200000 0.233333 0.266667 0.300000 0.333333 0.366667 0.400000 0.433333 0.466667 0.500000
0.533333 0.566667 0.600000 0.633333 0.666667</float_array>
        <technique_common>
          <accessor source="#mixamorig_LeftArm-Matrix-animation-input-array" count="21">
            <param name="TIME" type="float"/>
          </accessor>
        </technique_common>
      </source>
      <source id="mixamorig_LeftArm-Matrix-animation-output-transform">
        <float_array id="mixamorig_LeftArm-Matrix-animation-output-transform-array" count="336">

0.895004 0.443273 0.049770 0.000000 -0.264061 0.616447 -0.741798 0.010700 -0.359500 0.650770 0.668774 0.000000 0.000000 0.000000 0.000000 1.000000
0.907208 0.420647 -0.005435 0.000000 -0.256851 0.543625 -0.799062 0.010700 -0.333168 0.726311 0.601225 0.000000 0.000000 0.000000 0.000000 1.000000
0.885760 0.458488 -0.072241 0.000000 -0.316672 0.483171 -0.816251 0.010700 -0.339336 0.745879 0.573163 0.000000 0.000000 0.000000 0.000000 1.000000
0.848942 0.508773 -0.142994 0.000000 -0.406866 0.456517 -0.791235 0.010700 -0.337280 0.729892 0.594559 -0.000000 0.000000 0.000000 0.000000 1.000000
0.822616 0.534831 -0.193023 0.000000 -0.478205 0.467106 -0.743728 0.010700 -0.307607 0.704108 0.640008 0.000000 0.000000 0.000000 0.000000 1.000000
0.831259 0.515825 -0.207202 -0.000000 -0.488771 0.500676 -0.714442 0.010700 -0.264786 0.695160 0.668311 0.000000 0.000000 0.000000 0.000000 1.000000
0.864064 0.470197 -0.179747 -0.000000 -0.439185 0.529673 -0.725647 0.010700 -0.245990 0.705947 0.664174 0.000000 0.000000 0.000000 0.000000 1.000000
0.902556 0.407927 -0.137799 0.000000 -0.368371 0.565861 -0.737634 0.010700 -0.222926 0.716517 0.660990 0.000000 0.000000 0.000000 0.000000 1.000000
0.942249 0.319343 -0.100925 -0.000000 -0.290102 0.627658 -0.722417 0.010700 -0.167353 0.709976 0.684052 0.000000 0.000000 0.000000 0.000000 1.000000
0.976594 0.196829 -0.086731 -0.000000 -0.203239 0.712439 -0.671658 0.010700 -0.070411 0.673565 0.735767 -0.000000 0.000000 0.000000 0.000000 1.000000
0.993376 0.050503 -0.103218 -0.000000 -0.102627 0.794002 -0.599189 0.010700 0.051694 0.605813 0.793926 -0.000000 0.000000 0.000000 0.000000 1.000000
0.987120 -0.067278 -0.145149 0.000000 -0.020538 0.846481 -0.532023 0.010700 0.158659 0.528152 0.834196 0.000000 0.000000 0.000000 0.000000 1.000000
0.969269 -0.099867 -0.224819 0.000000 -0.019718 0.879410 -0.475656 0.010700 0.245211 0.465472 0.850416 0.000000 0.000000 0.000000 0.000000 1.000000
0.937563 -0.035563 -0.345994 0.000000 -0.120805 0.899535 -0.419813 0.010700 0.326163 0.435399 0.839074 0.000000 0.000000 0.000000 0.000000 1.000000
0.874971 0.083797 -0.476870 0.000000 -0.277854 0.893491 -0.352806 0.010700 0.396515 0.441195 0.805061 0.000000 0.000000 0.000000 0.000000 1.000000
0.810361 0.181380 -0.557150 -0.000000 -0.402240 0.863626 -0.303895 0.010700 0.426049 0.470373 0.772808 0.000000 0.000000 0.000000 0.000000 1.000000
0.839336 0.230552 -0.492302 -0.000000 -0.424885 0.843134 -0.329543 0.010700 0.339099 0.485769 0.805630 0.000000 0.000000 0.000000 0.000000 1.000000
0.919701 0.254523 -0.298946 0.000000 -0.369241 0.819531 -0.438212 0.010700 0.133460 0.513407 0.847704 -0.000000 0.000000 0.000000 0.000000 1.000000
