<?xml version="1.0" encoding="utf-8"?>
<COLLADA xmlns="http://www.collada.org/2005/11/COLLADASchema" version="1.4.1">
  <asset>
    <contributor>
      <author>Mixamo</author>
      <authoring_tool>COLLADA Mixamo exporter</authoring_tool>
      <comments/>
    </contributor>
    <created>2026-05-01T17:16:54Z</created>
    <modified>2026-05-01T17:16:54Z</modified>
    <revision/>
    <title/>
    <unit meter="0.010000"/>
    <up_axis>Y_UP</up_axis>
  </asset>
  <library_animations>
    <animation id="mixamorig_Hips-anim" name="mixamorig_Hips">
      <source id="mixamorig_Hips-Matrix-animation-input">
        <float_array id="mixamorig_Hips-Matrix-animation-input-array" count="31">

0.000000 0.033333 0.066667 0.100000 0.133333 0.166667 0.200000 0.233333 0.266667 0.300000 0.333333 0.366667 0.400000 0.433333 0.466667 0.500000
0.533333 0.566667 0.600000 0.633333 0.666667 0.700000 0.733333 0.766667 0.800000 0.833333 0.866667 0.900000 0.933333 0.966667 1.000000</float_array>
        <technique_common>
          <accessor source="#mixamorig_Hips-Matrix-animation-input-array" count="31">
            <param name="TIME" type="float"/>
          </accessor>
        </technique_common>
      </source>
      <source id="mixamorig_Hips-Matrix-animation-output-transform">
        <float_array id="mixamorig_Hips-Matrix-animation-output-transform-array" count="496">

0.982100 0.077267 -0.171782 0.001639 -0.105294 0.981396 -0.160549 0.127958 0.156181 0.175763 0.971964 -0.000553 0.000000 0.000000 0.000000 1.000000
0.978982 0.074873 -0.189708 0.001700 -0.105092 0.982371 -0.154606 0.127955 0.174788 0.171293 0.969592 0.000389 0.000000 0.000000 0.000000 1.000000
0.974765 0.074017 -0.210606 0.001576 -0.104601 0.984895 -0.137991 0.127806 0.197211 0.156538 0.967783 0.001325 0.000000 0.000000 0.000000 1.000000
0.971233 0.074838 -0.226064 0.001279 -0.102261 0.988418 -0.112125 0.127337 0.215055 0.132017 0.967638 0.002270 0.000000 0.000000 0.000000 1.000000
0.971189 0.074786 -0.226270 0.000950 -0.095966 0.991827 -0.084087 0.126505 0.218132 0.103379 0.970428 0.003147 0.000000 0.000000 0.000000 1.000000
0.976526 0.068737 -0.204135 0.000807 -0.083276 0.994501 -0.063502 0.125445 0.198648 0.079011 0.976881 0.003755 0.000000 0.000000 0.000000 1.000000
0.984495 0.052155 -0.167477 0.000994 -0.062098 0.996571 -0.054685 0.124650 0.164051 0.064237 0.984358 0.003586 0.000000 0.000000 0.000000 1.000000
0.990011 0.030314 -0.137691 0.001145 -0.037763 0.997942 -0.051817 0.124386 0.135837 0.056500 0.989119 0.002431 0.000000 0.000000 0.000000 1.000000
0.992829 0.012176 -0.118925 0.000995 -0.018418 0.998502 -0.051526 0.124637 0.118120 0.053346 0.991565 0.000669 0.000000 0.000000 0.000000 1.000000
0.994274 0.001313 -0.106855 0.000532 -0.006863 0.998645 -0.051587 0.125206 0.106643 0.052025 0.992935 -0.001184 0.000000 0.000000 0.000000 1.000000
0.995716 -0.005366 -0.092309 0.000004 0.000732 0.998741 -0.050168 0.125782 0.092462 0.049885 0.994466 -0.002602 0.000000 0.000000 0.000000 1.000000
0.997062 -0.017147 -0.074654 -0.000202 0.013735 0.998848 -0.045986 0.126163 0.075356 0.044825 0.996149 -0.003158 0.000000 0.000000 0.000000 1.000000
0.997801 -0.034324 -0.056708 -0.000119 0.031875 0.998543 -0.043537 0.126374 0.058120 0.041634 0.997441 -0.003203 0.000000 0.000000 0.000000 1.000000
0.998179 -0.050010 -0.033731 0.000016 0.048438 0.997771 -0.045898 0.126433 0.035951 0.044180 0.998376 -0.003060 0.000000 0.000000 0.000000 1.000000
0.998214 -0.059687 -0.002587 0.000039 0.059479 0.996939 -0.050750 0.126367 0.005608 0.050505 0.998708 -0.002799 0.000000 0.000000 0.000000 1.000000
0.997346 -0.063808 0.035059 -0.000076 0.065541 0.996558 -0.050758 0.126200 -0.031699 0.052921 0.998095 -0.002244 0.000000 0.000000 0.000000 1.000000
0.995502 -0.069342 0.064552 -0.000220 0.071892 0.996686 -0.038060 0.125852 -0.061698 0.042530 0.997188 -0.001301 0.000000 0.000000 0.000000 1.000000
0.993986 -0.075760 0.079067 -0.000348 0.077510 0.996805 -0.019300 0.125326 -0.077353 0.025313 0.996682 -0.000330 0.000000 0.000000 0.000000 1.000000
0.993181 -0.077924 0.086709 -0.000426 0.078755 0.996875 -0.006206 0.124728 -0.085954 0.012993 0.996214 0.000543 0.000000 0.000000 0.000000 1.000000
0.992641 -0.072473 0.097010 -0.000420 0.073545 0.997264 -0.007518 0.124153 -0.096199 0.014598 0.995255 0.001279 0.000000 0.000000 0.000000 1.000000
0.991492 -0.058719 0.116174 -0.000294 0.062221 0.997704 -0.026748 0.123669 -0.114337 0.033749 0.992869 0.001891 0.000000 0.000000 0.000000 1.000000
0.989454 -0.039532 0.139349 -0.000033 0.048012 0.997160 -0.058022 0.123338 -0.136660 0.064100 0.988542 0.002320 0.000000 0.000000 0.000000 1.000000
0.987782 -0.012705 0.155324 0.000271 0.027705 0.995112 -0.094790 0.123375 -0.153360 0.097935 0.983305 0.002423 0.000000 0.000000 0.000000 1.000000
0.987686 0.018563 0.155345 0.000574 0.002209 0.991182 -0.132491 0.123948 -0.156435 0.131203 0.978935 0.002037 0.000000 0.000000 0.000000 1.000000
0.989890 0.046622 0.133955 0.000901 -0.024022 0.985897 -0.165618 0.125005 -0.139787 0.160726 0.977050 0.001111 0.000000 0.000000 0.000000 1.000000
0.994026 0.062185 0.089701 0.001313 -0.044375 0.981090 -0.188396 0.126270 -0.099720 0.183290 0.977988 -0.000247 0.000000 0.000000 0.000000 1.000000
0.997715 0.063409 0.023315 0.001766 -0.057672 0.979118 -0.194941 0.127362 -0.035189 0.193151 0.980538 -0.001627 0.000000 0.000000 0.000000 1.000000
0.996711 0.062324 -0.051804 0.002019 -0.071054 0.979458 -0.188716 0.127978 0.038978 0.191776 0.980664 -0.002752 0.000000 0.000000 0.000000 1.000000
0.990988 0.065419 -0.116892 0.002009 -0.085555 0.980568 -0.176542 0.128160 0.103071 0.184952 0.977328 -0.003343 0.000000 0.000000 0.000000 1.000000
0.984806 0.072123 -0.157975 0.001822 -0.098410 0.981291 -0.165478 0.128080 0.143085 0.178510 0.973479 -0.002802 0.000000 0.000000 0.000000 1.000000
0.982100 0.077268 -0.171782 0.001639 -0.105294 0.981395 -0.160549 0.127958 0.156181 0.175763 0.971964 -0.000553 0.000000 0.000000 0.000000 1.000000</float_array>
        <technique_common>
          <accessor source="#mixamorig_Hips-Matrix-animation-output-transform-array" count="31" stride="16">
            <param type="float4x4"/>
          </accessor>
        </technique_common>
      </source>
      <source id="mixamorig_Hips-Interpolations">
        <Name_array id="mixamorig_Hips-Interpolations-array" count="31">
 LINEAR LINEAR LINEAR LINEAR LINEAR LINEAR LINEAR LINEAR LINEAR LINEAR LINEAR
LINEAR LINEAR LINEAR LINEAR LINEAR LINEAR LINEAR LINEAR LINEAR LINEAR LINEAR LINEAR
LINEAR LINEAR LINEAR LINEAR LINEAR LINEAR LINEAR LINEAR</Name_array>
        <technique_common>
          <accessor source="#mixamorig_Hips-Interpolations-array" count="31">
            <param type="name"/>
          </accessor>
        </technique_common>
      </source>
      <sampler id="mixamorig_Hips-Matrix-animation-transform">
        <input semantic="INPUT" source="#mixamorig_Hips-Matrix-animation-input"/>
        <input semantic="OUTPUT" source="#mixamorig_Hips-Matrix-animation-output-transform"/>
        <input semantic="INTERPOLATION" source="#mixamorig_Hips-Interpolations"/>
      </sampler>
      <channel source="#mixamorig_Hips-Matrix-animation-transform" target="mixamorig_Hips/matrix"/>
    </animation>
    <animation id="mixamorig_Spine-anim" name="mixamorig_Spine">
      <source id="mixamorig_Spine-Matrix-animation-input">
        <float_array id="mixamorig_Spine-Matrix-animation-input-array" count="31">

0.000000 0.033333 0.066667 0.100000 0.133333 0.166667 0.200000 0.233333 0.266667 0.300000 0.333333 0.366667 0.400000 0.433333 0.466667 0.500000
0.533333 0.566667 0.600000 0.633333 0.666667 0.700000 0.733333 0.766667 0.800000 0.833333 0.866667 0.900000 0.933333 0.966667 1.000000</float_array>
        <technique_common>
          <accessor source="#mixamorig_Spine-Matrix-animation-input-array" count="31">
            <param name="TIME" type="float"/>
          </accessor>
        </technique_common>
      </source>
      <source id="mixamorig_Spine-Matrix-animation-output-transform">
        <float_array id="mixamorig_Spine-Matrix-animation-output-transform-array" count="496">

0.998148 -0.040779 0.045149 -0.000000 0.044629 0.995134 -0.087847 0.008500 -0.041347 0.089699 0.995110 -0.000300 0.000000 0.000000 0.000000 1.000000
0.996801 -0.036810 0.070943 -0.000000 0.042054 0.996379 -0.073895 0.008500 -0.067966 0.076642 0.994739 -0.000300 0.000000 0.000000 0.000000 1.000000
0.994555 -0.034130 0.098466 0.000000 0.040603 0.997091 -0.064499 0.008500 -0.095979 0.068145 0.993048 -0.000300 0.000000 0.000000 0.000000 1.000000
0.991987 -0.033762 0.121746 0.000000 0.041140 0.997433 -0.058610 0.008500 -0.119455 0.063149 0.990829 -0.000300 0.000000 0.000000 0.000000 1.000000
0.990276 -0.035317 0.134560 0.000000 0.043102 0.997534 -0.055388 0.008500 -0.132272 0.060650 0.989356 -0.000300 0.000000 0.000000 0.000000 1.000000
0.990458 -0.036575 0.132875 0.000000 0.044310 0.997462 -0.055731 0.008500 -0.130499 0.061087 0.989565 -0.000300 0.000000 0.000000 0.000000 1.000000
0.992166 -0.032484 0.120630 0.000000 0.040535 0.997068 -0.064901 0.008500 -0.118168 0.069282 0.990574 -0.000300 0.000000 0.000000 0.000000 1.000000
0.993820 -0.020992 0.108997 -0.000000 0.030284 0.995980 -0.084302 0.008500 -0.106789 0.087082 0.990461 -0.000300 0.000000 0.000000 0.000000 1.000000
0.994939 -0.005916 0.100310 0.000000 0.016942 0.993851 -0.109423 0.008500 -0.099045 0.110569 0.988921 -0.000300 0.000000 0.000000 0.000000 1.000000
0.995682 0.009441 0.092345 0.000000 0.003130 0.990834 -0.135046 0.008500 -0.092773 0.134752 0.986527 -0.000300 0.000000 0.000000 0.000000 1.000000
0.996519 0.023139 0.080086 0.000000 -0.010354 0.987621 -0.156517 0.008500 -0.082716 0.155143 0.984423 -0.000300 0.000000 0.000000 0.000000 1.000000
0.997447 0.035780 0.061799 0.000000 -0.024603 0.984618 -0.172981 0.008500 -0.067037 0.171019 0.982984 -0.000300 0.000000 0.000000 0.000000 1.000000
0.998121 0.045251 0.041316 0.000000 -0.036983 0.982486 -0.182629 0.008500 -0.048856 0.180758 0.982313 -0.000300 0.000000 0.000000 0.000000 1.000000
0.998592 0.048995 0.020346 0.000000 -0.044413 0.981823 -0.184530 0.008500 -0.029017 0.183366 0.982616 -0.000300 0.000000 0.000000 0.000000 1.000000
0.998838 0.048159 -0.001835 0.000000 -0.047693 0.982279 -0.181258 0.008500 -0.006927 0.181134 0.983434 -0.000300 0.000000 0.000000 0.000000 1.000000
0.998483 0.047547 -0.027763 -0.000000 -0.051756 0.982548 -0.178666 0.008500 0.018784 0.179832 0.983518 -0.000300 0.000000 0.000000 0.000000 1.000000
0.996873 0.053699 -0.057966 0.000000 -0.063611 0.980569 -0.185574 0.008500 0.046875 0.188681 0.980919 -0.000300 0.000000 0.000000 0.000000 1.000000
0.993943 0.063890 -0.089422 0.000000 -0.080825 0.976281 -0.200855 0.008500 0.074468 0.206866 0.975531 -0.000300 0.000000 0.000000 0.000000 1.000000
0.990415 0.069574 -0.119318 0.000000 -0.094040 0.972385 -0.213599 0.008500 0.101162 0.222772 0.969608 -0.000300 0.000000 0.000000 0.000000 1.000000
0.987414 0.063743 -0.144745 0.000000 -0.094035 0.972467 -0.213228 0.008500 0.127168 0.224155 0.966221 -0.000300 0.000000 0.000000 0.000000 1.000000
0.985513 0.042640 -0.164151 0.000000 -0.074426 0.978436 -0.192675 0.008500 0.152396 0.202101 0.967435 -0.000300 0.000000 0.000000 0.000000 1.000000
0.984216 0.009611 -0.176708 0.000000 -0.037830 0.986869 -0.157030 0.008500 0.172879 0.161237 0.971656 -0.000300 0.000000 0.000000 0.000000 1.000000
0.982932 -0.029340 -0.181617 0.000000 0.007518 0.992782 -0.119696 0.008500 0.183818 0.116287 0.976058 -0.000300 0.000000 0.000000 0.000000 1.000000
0.981917 -0.065031 -0.177794 0.000000 0.049525 0.994682 -0.090306 0.008500 0.182721 0.079867 0.979915 -0.000300 0.000000 0.000000 0.000000 1.000000
0.982805 -0.088197 -0.162223 0.000000 0.077041 0.994290 -0.073834 0.008500 0.167808 0.060067 0.983988 -0.000300 0.000000 0.000000 0.000000 1.000000
0.987016 -0.091146 -0.132259 0.000000 0.082270 0.994071 -0.071099 0.008500 0.137955 0.059295 0.988662 -0.000300 0.000000 0.000000 0.000000 1.000000
0.993364 -0.074980 -0.087213 0.000000 0.068150 0.994556 -0.078823 0.008500 0.092648 0.072356 0.993066 -0.000300 0.000000 0.000000 0.000000 1.000000
0.997802 -0.054704 -0.037397 0.000000 0.051170 0.994656 -0.089669 0.008500 0.042102 0.087558 0.995269 -0.000300 0.000000 0.000000 0.000000 1.000000
0.999156 -0.040663 0.005743 0.000000 0.041029 0.994443 -0.096957 0.008500 -0.001768 0.097111 0.995272 -0.000300 0.000000 0.000000 0.000000 1.000000
0.998754 -0.036711 0.033808 -0.000000 0.039856 0.994424 -0.097632 0.008500 -0.030035 0.098858 0.994648 -0.000300 0.000000 0.000000 0.000000 1.000000
0.998265 -0.038874 0.044230 0.000000 0.042907 0.994626 -0.094222 0.008500 -0.040330 0.095956 0.994568 -0.000300 0.000000 0.000000 0.000000 1.000000</float_array>
        <technique_common>
          <accessor source="#mixamorig_Spine-Matrix-animation-output-transform-array" count="31" stride="16">
            <param type="float4x4"/>
          </accessor>
        </technique_common>
      </source>
      <source id="mixamorig_Spine-Interpolations">
        <Name_array id="mixamorig_Spine-Interpolations-array" count="31">
 LINEAR LINEAR LINEAR LINEAR LINEAR LINEAR LINEAR LINEAR LINEAR LINEAR LINEAR
LINEAR LINEAR LINEAR LINEAR LINEAR LINEAR LINEAR LINEAR LINEAR LINEAR LINEAR LINEAR
LINEAR LINEAR LINEAR LINEAR LINEAR LINEAR LINEAR LINEAR</Name_array>
        <technique_common>
          <accessor source="#mixamorig_Spine-Interpolations-array" count="31">
            <param type="name"/>
          </accessor>
        </technique_common>
      </source>
      <sampler id="mixamorig_Spine-Matrix-animation-transform">
        <input semantic="INPUT" source="#mixamorig_Spine-Matrix-animation-input"/>
        <input semantic="OUTPUT" source="#mixamorig_Spine-Matrix-animation-output-transform"/>
        <input semantic="INTERPOLATION" source="#mixamorig_Spine-Interpolations"/>
      </sampler>
      <channel source="#mixamorig_Spine-Matrix-animation-transform" target="mixamorig_Spine/matrix"/>
    </animation>
    <animation id="mixamorig_Spine1-anim" name="mixamorig_Spine1">
      <source id="mixamorig_Spine1-Matrix-animation-input">
        <float_array id="mixamorig_Spine1-Matrix-animation-input-array" count="31">

0.000000 0.033333 0.066667 0.100000 0.133333 0.166667 0.200000 0.233333 0.266667 0.300000 0.333333 0.366667 0.400000 0.433333 0.466667 0.500000
0.533333 0.566667 0.600000 0.633333 0.666667 0.700000 0.733333 0.766667 0.800000 0.833333 0.866667 0.900000 0.933333 0.966667 1.000000</float_array>
        <technique_common>
          <accessor source="#mixamorig_Spine1-Matrix-animation-input-array" count="31">
            <param name="TIME" type="float"/>
          </accessor>
        </technique_common>
      </source>
      <source id="mixamorig_Spine1-Matrix-animation-output-transform">
        <float_array id="mixamorig_Spine1-Matrix-animation-output-transform-array" count="496">

0.999804 0.018349 0.007480 0.000000 -0.018332 0.999829 -0.002338 0.009900 -0.007521 0.002200 0.999969 0.000000 0.000000 0.000000 0.000000 1.000000
0.999804 0.016242 0.011338 -0.000000 -0.016245 0.999868 0.000171 0.009900 -0.011334 -0.000355 0.999936 0.000000 0.000000 0.000000 0.000000 1.000000
0.999770 0.014742 0.015558 0.000000 -0.014780 0.999888 0.002364 0.009900 -0.015521 -0.002593 0.999876 0.000000 0.000000 0.000000 0.000000 1.000000
0.999728 0.013323 0.019166 -0.000000 -0.013393 0.999904 0.003519 0.009900 -0.019117 -0.003775 0.999810 -0.000000 0.000000 0.000000 0.000000 1.000000
0.999703 0.012122 0.021163 0.000000 -0.012198 0.999920 0.003454 0.009900 -0.021119 -0.003711 0.999770 0.000000 0.000000 0.000000 0.000000 1.000000
0.999707 0.012155 0.020940 -0.000000 -0.012214 0.999922 0.002707 0.009900 -0.020905 -0.002961 0.999777 0.000000 0.000000 0.000000 0.000000 1.000000
0.999697 0.015317 0.019256 0.000000 -0.015375 0.999878 0.002873 0.009900 -0.019209 -0.003168 0.999810 0.000000 0.000000 0.000000 0.000000 1.000000
0.999637 0.020259 0.017758 0.000000 -0.020345 0.999782 0.004704 0.009900 -0.017659 -0.005064 0.999831 0.000000 0.000000 0.000000 0.000000 1.000000
0.999568 0.024112 0.016792 0.000000 -0.024238 0.999679 0.007360 0.009900 -0.016609 -0.007764 0.999832 0.000000 0.000000 0.000000 0.000000 1.000000
0.999558 0.025092 0.015953 0.000000 -0.025246 0.999636 0.009506 0.009900 -0.015709 -0.009904 0.999828 0.000000 0.000000 0.000000 0.000000 1.000000
0.999626 0.023242 0.014396 0.000000 -0.023385 0.999679 0.009797 0.009900 -0.014164 -0.010130 0.999848 0.000000 0.000000 0.000000 0.000000 1.000000
0.999693 0.021714 0.011924 0.000000 -0.021812 0.999729 0.008170 0.009900 -0.011744 -0.008427 0.999896 -0.000000 0.000000 0.000000 0.000000 1.000000
0.999701 0.022640 0.009211 0.000000 -0.022698 0.999723 0.006144 0.009900 -0.009069 -0.006351 0.999939 0.000000 0.000000 0.000000 0.000000 1.000000
0.999651 0.025621 0.006429 0.000000 -0.025654 0.999658 0.005059 0.009900 -0.006298 -0.005222 0.999967 -0.000000 0.000000 0.000000 0.000000 1.000000
0.999557 0.029566 0.003422 0.000000 -0.029585 0.999546 0.005645 0.009900 -0.003253 -0.005744 0.999978 0.000000 0.000000 0.000000 0.000000 1.000000
0.999451 0.033122 -0.000193 0.000000 -0.033119 0.999421 0.007817 0.009900 0.000452 -0.007806 0.999969 0.000000 0.000000 0.000000 0.000000 1.000000
0.999374 0.035112 -0.004431 0.000000 -0.035065 0.999334 0.010123 0.009900 0.004784 -0.009961 0.999939 0.000000 0.000000 0.000000 0.000000 1.000000
0.999363 0.034533 -0.009011 0.000000 -0.034435 0.999348 0.010813 0.009900 0.009378 -0.010496 0.999901 0.000000 0.000000 0.000000 0.000000 1.000000
0.999393 0.032021 -0.013698 0.000000 -0.031895 0.999448 0.009322 0.009900 0.013989 -0.008879 0.999863 0.000000 0.000000 0.000000 0.000000 1.000000
0.999414 0.029022 -0.018168 0.000000 -0.028921 0.999565 0.005800 0.009900 0.018329 -0.005271 0.999818 0.000000 0.000000 0.000000 0.000000 1.000000
0.999383 0.027371 -0.022024 0.000000 -0.027356 0.999625 0.000985 0.009900 0.022043 -0.000382 0.999757 -0.000000 0.000000 0.000000 0.000000 1.000000
0.999303 0.027988 -0.024719 -0.000000 -0.028099 0.999596 -0.004163 0.009900 0.024592 0.004855 0.999686 0.000000 0.000000 0.000000 0.000000 1.000000
0.999217 0.029877 -0.025937 0.000000 -0.030124 0.999504 -0.009206 0.009900 0.025649 0.009980 0.999621 0.000000 0.000000 0.000000 0.000000 1.000000
0.999164 0.031950 -0.025503 0.000000 -0.032295 0.999390 -0.013262 0.009900 0.025064 0.014075 0.999587 0.000000 0.000000 0.000000 0.000000 1.000000
0.999176 0.033322 -0.023153 -0.000000 -0.033681 0.999315 -0.015310 0.009900 0.022627 0.016077 0.999615 0.000000 0.000000 0.000000 0.000000 1.000000
0.999270 0.033379 -0.018597 0.000000 -0.033650 0.999329 -0.014457 0.009900 0.018102 0.015072 0.999723 0.000000 0.000000 0.000000 0.000000 1.000000
0.999432 0.031530 -0.011864 0.000000 -0.031662 0.999437 -0.011058 0.009900 0.011508 0.011427 0.999868 0.000000 0.000000 0.000000 0.000000 1.000000
0.999595 0.028107 -0.004499 -0.000000 -0.028140 0.999578 -0.007254 0.009900 0.004294 0.007378 0.999964 -0.000000 0.000000 0.000000 0.000000 1.000000
0.999709 0.024047 0.001827 0.000000 -0.024039 0.999701 -0.004398 0.009900 -0.001933 0.004353 0.999989 0.000000 0.000000 0.000000 0.000000 1.000000
0.999770 0.020634 0.005894 -0.000000 -0.020616 0.999783 -0.002997 0.009900 -0.005954 0.002875 0.999978 -0.000000 0.000000 0.000000 0.000000 1.000000
0.999793 0.018937 0.007381 0.000000 -0.018917 0.999817 -0.002676 0.009900 -0.007430 0.002536 0.999969 0.000000 0.000000 0.000000 0.000000 1.000000</float_array>
        <technique_common>
          <accessor source="#mixamorig_Spine1-Matrix-animation-output-transform-array" count="31" stride="16">
            <param type="float4x4"/>
          </accessor>
        </technique_common>
      </source>
      <source id="mixamorig_Spine1-Interpolations">
        <Name_array id="mixamorig_Spine1-Interpolations-array" count="31">
 LINEAR LINEAR LINEAR LINEAR LINEAR LINEAR LINEAR LINEAR LINEAR LINEAR LINEAR
LINEAR LINEAR LINEAR LINEAR LINEAR LINEAR LINEAR LINEAR LINEAR LINEAR LINEAR LINEAR
LINEAR LINEAR LINEAR LINEAR LINEAR LINEAR LINEAR LINEAR</Name_array>
        <technique_common>
          <accessor source="#mixamorig_Spine1-Interpolations-array" count="31">
            <param type="name"/>
          </accessor>
        </technique_common>
      </source>
      <sampler id="mixamorig_Spine1-Matrix-animation-transform">
        <input semantic="INPUT" source="#mixamorig_Spine1-Matrix-animation-input"/>
        <input semantic="OUTPUT" source="#mixamorig_Spine1-Matrix-animation-output-transform"/>
        <input semantic="INTERPOLATION" source="#mixamorig_Spine1-Interpolations"/>
      </sampler>
      <channel source="#mixamorig_Spine1-Matrix-animation-transform" target="mixamorig_Spine1/matrix"/>
    </animation>
    <animation id="mixamorig_Spine2-anim" name="mixamorig_Spine2">
      <source id="mixamorig_Spine2-Matrix-animation-input">
        <float_array id="mixamorig_Spine2-Matrix-animation-input-array" count="31">

0.000000 0.033333 0.066667 0.100000 0.133333 0.166667 0.200000 0.233333 0.266667 0.300000 0.333333 0.366667 0.400000 0.433333 0.466667 0.500000
0.533333 0.566667 0.600000 0.633333 0.666667 0.700000 0.733333 0.766667 0.800000 0.833333 0.866667 0.900000 0.933333 0.966667 1.000000</float_array>
        <technique_common>
          <accessor source="#mixamorig_Spine2-Matrix-animation-input-array" count="31">
            <param name="TIME" type="float"/>
          </accessor>
        </technique_common>
      </source>
      <source id="mixamorig_Spine2-Matrix-animation-output-transform">
        <float_array id="mixamorig_Spine2-Matrix-animation-output-transform-array" count="496">

0.999804 0.018439 0.007241 -0.000000 -0.018422 0.999827 -0.002440 0.011300 -0.007285 0.002306 0.999971 0.000000 0.000000 0.000000 0.000000 1.000000
0.999803 0.016418 0.011188 0.000000 -0.016419 0.999865 0.000001 0.011300 -0.011186 -0.000185 0.999937 0.000000 0.000000 0.000000 0.000000 1.000000
0.999768 0.015005 0.015461 -0.000000 -0.015039 0.999885 0.002128 0.011300 -0.015427 -0.002360 0.999878 0.000000 0.000000 0.000000 0.000000 1.000000
0.999725 0.013643 0.019097 0.000000 -0.013707 0.999901 0.003240 0.011300 -0.019051 -0.003501 0.999812 -0.000000 0.000000 0.000000 0.000000 1.000000
0.999700 0.012448 0.021103 -0.000000 -0.012517 0.999917 0.003160 0.011300 -0.021062 -0.003424 0.999772 0.000000 0.000000 0.000000 0.000000 1.000000
0.999705 0.012443 0.020863 0.000000 -0.012496 0.999919 0.002422 0.011300 -0.020831 -0.002682 0.999779 -0.000000 0.000000 0.000000 0.000000 1.000000
0.999696 0.015576 0.019110 0.000000 -0.015629 0.999875 0.002588 0.011300 -0.019067 -0.002886 0.999814 0.000000 0.000000 0.000000 0.000000 1.000000
0.999636 0.020544 0.017509 -0.000000 -0.020624 0.999778 0.004399 0.011300 -0.017414 -0.004758 0.999837 0.000000 0.000000 0.000000 0.000000 1.000000
0.999566 0.024455 0.016448 0.000000 -0.024574 0.999673 0.007041 0.011300 -0.016271 -0.007442 0.999840 0.000000 0.000000 0.000000 0.000000 1.000000
0.999554 0.025485 0.015550 0.000000 -0.025630 0.999629 0.009203 0.011300 -0.015310 -0.009597 0.999837 0.000000 0.000000 0.000000 0.000000 1.000000
0.999623 0.023629 0.013969 0.000000 -0.023764 0.999672 0.009553 0.011300 -0.013739 -0.009882 0.999857 0.000000 0.000000 0.000000 0.000000 1.000000
0.999691 0.022039 0.011464 0.000000 -0.022132 0.999723 0.007995 0.011300 -0.011285 -0.008247 0.999902 -0.000000 0.000000 0.000000 0.000000 1.000000
0.999700 0.022890 0.008693 0.000000 -0.022943 0.999719 0.006020 0.011300 -0.008553 -0.006218 0.999944 0.000000 0.000000 0.000000 0.000000 1.000000
0.999650 0.025794 0.005843 -0.000000 -0.025823 0.999654 0.004978 0.011300 -0.005712 -0.005127 0.999971 0.000000 0.000000 0.000000 0.000000 1.000000
0.999556 0.029656 0.002758 -0.000000 -0.029671 0.999544 0.005621 0.011300 -0.002590 -0.005701 0.999980 0.000000 0.000000 0.000000 0.000000 1.000000
0.999452 0.033101 -0.000945 0.000000 -0.033092 0.999421 0.007881 0.011300 0.001205 -0.007845 0.999968 0.000000 0.000000 0.000000 0.000000 1.000000
0.999375 0.034939 -0.005284 -0.000000 -0.034883 0.999339 0.010281 0.011300 0.005640 -0.010090 0.999933 0.000000 0.000000 0.000000 0.000000 1.000000
0.999366 0.034185 -0.009926 0.000000 -0.034075 0.999358 0.011029 0.011300 0.010297 -0.010684 0.999890 0.000000 0.000000 0.000000 0.000000 1.000000
0.999397 0.031513 -0.014601 0.000000 -0.031375 0.999462 0.009567 0.011300 0.014894 -0.009103 0.999848 0.000000 0.000000 0.000000 0.000000 1.000000
0.999416 0.028415 -0.018980 -0.000000 -0.028305 0.999581 0.006075 0.011300 0.019145 -0.005535 0.999801 0.000000 0.000000 0.000000 0.000000 1.000000
0.999384 0.026774 -0.022702 -0.000000 -0.026750 0.999641 0.001337 0.011300 0.022729 -0.000729 0.999741 0.000000 0.000000 0.000000 0.000000 1.000000
0.999301 0.027514 -0.025289 0.000000 -0.027616 0.999612 -0.003672 0.011300 0.025178 0.004367 0.999673 0.000000 0.000000 0.000000 0.000000 1.000000
0.999212 0.029583 -0.026454 0.000000 -0.029818 0.999519 -0.008556 0.011300 0.026189 0.009338 0.999613 -0.000000 0.000000 0.000000 0.000000 1.000000
0.999155 0.031819 -0.026006 0.000000 -0.032152 0.999405 -0.012502 0.011300 0.025593 0.013328 0.999584 0.000000 0.000000 0.000000 0.000000 1.000000
0.999166 0.033289 -0.023653 0.000000 -0.033639 0.999328 -0.014543 0.011300 0.023153 0.015327 0.999614 0.000000 0.000000 0.000000 0.000000 1.000000
0.999261 0.033371 -0.019080 -0.000000 -0.033637 0.999339 -0.013817 0.011300 0.018607 0.014448 0.999722 0.000000 0.000000 0.000000 0.000000 1.000000
0.999428 0.031515 -0.012305 -0.000000 -0.031646 0.999442 -0.010648 0.011300 0.011962 0.011031 0.999868 0.000000 0.000000 0.000000 0.000000 1.000000
0.999593 0.028099 -0.004888 -0.000000 -0.028133 0.999579 -0.007085 0.011300 0.004687 0.007219 0.999963 0.000000 0.000000 0.000000 0.000000 1.000000
0.999709 0.024067 0.001494 0.000000 -0.024060 0.999701 -0.004409 0.011300 -0.001599 0.004372 0.999989 0.000000 0.000000 0.000000 0.000000 1.000000
0.999770 0.020691 0.005606 -0.000000 -0.020674 0.999781 -0.003099 0.011300 -0.005669 0.002982 0.999979 -0.000000 0.000000 0.000000 0.000000 1.000000
0.999794 0.019017 0.007119 0.000000 -0.018998 0.999816 -0.002794 0.011300 -0.007171 0.002658 0.999971 0.000000 0.000000 0.000000 0.000000 1.000000</float_array>
        <technique_common>
          <accessor source="#mixamorig_Spine2-Matrix-animation-output-transform-array" count="31" stride="16">
            <param type="float4x4"/>
          </accessor>
        </technique_common>
      </source>
      <source id="mixamorig_Spine2-Interpolations">
        <Name_array id="mixamorig_Spine2-Interpolations-array" count="31">
 LINEAR LINEAR LINEAR LINEAR LINEAR LINEAR LINEAR LINEAR LINEAR LINEAR LINEAR
LINEAR LINEAR LINEAR LINEAR LINEAR LINEAR LINEAR LINEAR LINEAR LINEAR LINEAR LINEAR
LINEAR LINEAR LINEAR LINEAR LINEAR LINEAR LINEAR LINEAR</Name_array>
        <technique_common>
          <accessor source="#mixamorig_Spine2-Interpolations-array" count="31">
            <param type="name"/>
          </accessor>
        </technique_common>
      </source>
      <sampler id="mixamorig_Spine2-Matrix-animation-transform">
        <input semantic="INPUT" source="#mixamorig_Spine2-Matrix-animation-input"/>
        <input semantic="OUTPUT" source="#mixamorig_Spine2-Matrix-animation-output-transform"/>
        <input semantic="INTERPOLATION" source="#mixamorig_Spine2-Interpolations"/>
      </sampler>
      <channel source="#mixamorig_Spine2-Matrix-animation-transform" target="mixamorig_Spine2/matrix"/>
    </animation>
    <animation id="mixamorig_Neck-anim" name="mixamorig_Neck">
      <source id="mixamorig_Neck-Matrix-animation-input">
        <float_array id="mixamorig_Neck-Matrix-animation-input-array" count="31">

0.000000 0.033333 0.066667 0.100000 0.133333 0.166667 0.200000 0.233333 0.266667 0.300000 0.333333 0.366667 0.400000 0.433333 0.466667 0.500000
0.533333 0.566667 0.600000 0.633333 0.666667 0.700000 0.733333 0.766667 0.800000 0.833333 0.866667 0.900000 0.933333 0.966667 1.000000</float_array>
        <technique_common>
          <accessor source="#mixamorig_Neck-Matrix-animation-input-array" count="31">
            <param name="TIME" type="float"/>
          </accessor>
        </technique_common>
      </source>
      <source id="mixamorig_Neck-Matrix-animation-output-transform">
        <float_array id="mixamorig_Neck-Matrix-animation-output-transform-array" count="496">

0.998365 -0.057151 -0.001025 -0.000000 0.056982 0.996510 -0.060991 0.012700 0.004507 0.060833 0.998138 0.000000 0.000000 0.000000 0.000000 1.000000
0.998361 -0.057170 -0.002757 0.000000 0.056893 0.996487 -0.061452 0.012700 0.006260 0.061194 0.998106 0.000000 0.000000 0.000000 0.000000 1.000000
0.998364 -0.057045 -0.003931 0.000000 0.056634 0.995968 -0.069570 0.012700 0.007884 0.069233 0.997569 -0.000000 0.000000 0.000000 0.000000 1.000000
0.998509 -0.054398 -0.004479 -0.000000 0.053834 0.995037 -0.083684 0.012700 0.009009 0.083318 0.996482 -0.000000 0.000000 0.000000 0.000000 1.000000
0.998819 -0.048351 -0.004720 0.000000 0.047656 0.994037 -0.098083 0.012700 0.009434 0.097742 0.995167 0.000000 0.000000 0.000000 0.000000 1.000000
0.999175 -0.040303 -0.005081 -0.000000 0.039545 0.993662 -0.105220 0.012700 0.009290 0.104933 0.994436 0.000000 0.000000 0.000000 0.000000 1.000000
0.999370 -0.034954 -0.006128 0.000000 0.034152 0.994242 -0.101571 0.012700 0.009643 0.101297 0.994809 -0.000000 0.000000 0.000000 0.000000 1.000000
0.999386 -0.034144 -0.007863 0.000000 0.033247 0.994946 -0.094746 0.012700 0.011058 0.094426 0.995470 0.000000 0.000000 0.000000 0.000000 1.000000
0.999314 -0.035755 -0.009649 -0.000000 0.034732 0.995255 -0.090893 0.012700 0.012853 0.090496 0.995814 -0.000000 0.000000 0.000000 0.000000 1.000000
0.999248 -0.037273 -0.010645 0.000000 0.036153 0.995202 -0.090917 0.012700 0.013982 0.090463 0.995802 -0.000000 0.000000 0.000000 0.000000 1.000000
0.999270 -0.036813 -0.010172 0.000000 0.035747 0.995279 -0.090227 0.012700 0.013446 0.089798 0.995869 -0.000000 0.000000 0.000000 0.000000 1.000000
0.999338 -0.035321 -0.008664 0.000000 0.034502 0.996097 -0.081240 0.012700 0.011500 0.080887 0.996657 0.000000 0.000000 0.000000 0.000000 1.000000
0.999379 -0.034330 -0.007915 -0.000000 0.033720 0.997158 -0.067373 0.012700 0.010205 0.067064 0.997696 0.000000 0.000000 0.000000 0.000000 1.000000
0.999358 -0.034678 -0.008988 0.000000 0.034109 0.997781 -0.057189 0.012700 0.010952 0.056846 0.998323 0.000000 0.000000 0.000000 0.000000 1.000000
0.999241 -0.037062 -0.011966 0.000000 0.036330 0.997741 -0.056509 0.012700 0.014033 0.056031 0.998330 -0.000000 0.000000 0.000000 0.000000 1.000000
0.998996 -0.041926 -0.015766 -0.000000 0.040802 0.996993 -0.065877 0.012700 0.018481 0.065167 0.997703 -0.000000 0.000000 0.000000 0.000000 1.000000
0.998691 -0.047837 -0.018120 -0.000000 0.046348 0.996090 -0.075208 0.012700 0.021646 0.074269 0.997003 -0.000000 0.000000 0.000000 0.000000 1.000000
0.998542 -0.051104 -0.017370 0.000000 0.049644 0.995866 -0.076067 0.012700 0.021185 0.075094 0.996951 -0.000000 0.000000 0.000000 0.000000 1.000000
0.998650 -0.050022 -0.013979 0.000000 0.048931 0.996363 -0.069762 0.012700 0.017418 0.068984 0.997466 -0.000000 0.000000 0.000000 0.000000 1.000000
0.998943 -0.045051 -0.009177 0.000000 0.044408 0.997142 -0.061116 0.012700 0.011905 0.060644 0.998088 0.000000 0.000000 0.000000 0.000000 1.000000
0.999243 -0.038603 -0.004773 -0.000000 0.038275 0.997690 -0.056115 0.012700 0.006928 0.055890 0.998413 0.000000 0.000000 0.000000 0.000000 1.000000
0.999394 -0.034724 -0.002345 0.000000 0.034539 0.997843 -0.055826 0.012700 0.004279 0.055711 0.998438 0.000000 0.000000 0.000000 0.000000 1.000000
0.999356 -0.035817 -0.001949 0.000000 0.035656 0.997845 -0.055076 0.012700 0.003917 0.054971 0.998480 0.000000 0.000000 0.000000 0.000000 1.000000
0.999097 -0.042383 -0.002925 0.000000 0.042174 0.997765 -0.051824 0.012700 0.005114 0.051654 0.998652 0.000000 0.000000 0.000000 0.000000 1.000000
0.998578 -0.053119 -0.004567 0.000000 0.052847 0.997496 -0.046991 0.012700 0.007051 0.046683 0.998885 0.000000 0.000000 0.000000 0.000000 1.000000
0.997868 -0.064970 -0.006133 -0.000000 0.064641 0.996946 -0.043825 0.012700 0.008962 0.043335 0.999020 0.000000 0.000000 0.000000 0.000000 1.000000
0.997352 -0.072403 -0.006843 0.000000 0.072031 0.996417 -0.044331 0.012700 0.010028 0.043721 0.998993 0.000000 0.000000 0.000000 0.000000 1.000000
0.997318 -0.072927 -0.006271 0.000000 0.072560 0.996284 -0.046412 0.012700 0.009632 0.045832 0.998903 0.000000 0.000000 0.000000 0.000000 1.000000
0.997670 -0.068065 -0.004598 0.000000 0.067756 0.996475 -0.049473 0.012700 0.007949 0.049046 0.998765 -0.000000 0.000000 0.000000 0.000000 1.000000
0.998099 -0.061575 -0.002632 -0.000000 0.061350 0.996716 -0.052845 0.012700 0.005877 0.052583 0.998599 -0.000000 0.000000 0.000000 0.000000 1.000000
0.998329 -0.057775 -0.001398 0.000000 0.057607 0.996781 -0.055763 0.012700 0.004615 0.055589 0.998443 0.000000 0.000000 0.000000 0.000000 1.000000</float_array>
        <technique_common>
          <accessor source="#mixamorig_Neck-Matrix-animation-output-transform-array" count="31" stride="16">
            <param type="float4x4"/>
          </accessor>
        </technique_common>
      </source>
      <source id="mixamorig_Neck-Interpolations">
        <Name_array id="mixamorig_Neck-Interpolations-array" count="31">
 LINEAR LINEAR LINEAR LINEAR LINEAR LINEAR LINEAR LINEAR LINEAR LINEAR LINEAR
LINEAR LINEAR LINEAR LINEAR LINEAR LINEAR LINEAR LINEAR LINEAR LINEAR LINEAR LINEAR
LINEAR LINEAR LINEAR LINEAR LINEAR LINEAR LINEAR LINEAR</Name_array>
        <technique_common>
          <accessor source="#mixamorig_Neck-Interpolations-array" count="31">
            <param type="name"/>
          </accessor>
        </technique_common>
      </source>
      <sampler id="mixamorig_Neck-Matrix-animation-transform">
        <input semantic="INPUT" source="#mixamorig_Neck-Matrix-animation-input"/>
        <input semantic="OUTPUT" source="#mixamorig_Neck-Matrix-animation-output-transform"/>
        <input semantic="INTERPOLATION" source="#mixamorig_Neck-Interpolations"/>
      </sampler>
      <channel source="#mixamorig_Neck-Matrix-animation-transform" target="mixamorig_Neck/matrix"/>
    </animation>
    <animation id="mixamorig_Head-anim" name="mixamorig_Head">
      <source id="mixamorig_Head-Matrix-animation-input">
        <float_array id="mixamorig_Head-Matrix-animation-input-array" count="31">

0.000000 0.033333 0.066667 0.100000 0.133333 0.166667 0.200000 0.233333 0.266667 0.300000 0.333333 0.366667 0.400000 0.433333 0.466667 0.500000
0.533333 0.566667 0.600000 0.633333 0.666667 0.700000 0.733333 0.766667 0.800000 0.833333 0.866667 0.900000 0.933333 0.966667 1.000000</float_array>
        <technique_common>
          <accessor source="#mixamorig_Head-Matrix-animation-input-array" count="31">
            <param name="TIME" type="float"/>
          </accessor>
        </technique_common>
      </source>
      <source id="mixamorig_Head-Matrix-animation-output-transform">
        <float_array id="mixamorig_Head-Matrix-animation-output-transform-array" count="496">

0.997165 0.020471 0.072406 -0.000000 -0.021254 0.999724 0.010055 0.008900 -0.072180 -0.011565 0.997325 0.001100 0.000000 0.000000 0.000000 1.000000
0.997953 0.014760 0.062226 -0.000000 -0.015118 0.999872 0.005283 0.008900 -0.062140 -0.006213 0.998048 0.001100 0.000000 0.000000 0.000000 1.000000
0.998395 0.011397 0.055476 -0.000000 -0.010924 0.999901 -0.008830 0.008900 -0.055571 0.008210 0.998421 0.001100 0.000000 0.000000 0.000000 1.000000
0.998677 0.012872 0.049792 0.000000 -0.011289 0.999426 -0.031952 0.008900 -0.050175 0.031348 0.998248 0.001100 0.000000 0.000000 0.000000 1.000000
0.998905 0.019361 0.042593 0.000000 -0.016821 0.998105 -0.059196 0.008900 -0.043658 0.058415 0.997337 0.001100 0.000000 0.000000 0.000000 1.000000
0.999066 0.028227 0.032710 0.000000 -0.025437 0.996242 -0.082796 0.008900 -0.034924 0.081886 0.996030 0.001100 0.000000 0.000000 0.000000 1.000000
0.999215 0.032952 0.022012 0.000000 -0.030697 0.994916 -0.095919 0.008900 -0.025060 0.095168 0.995146 0.001100 0.000000 0.000000 0.000000 1.000000
0.999476 0.030098 0.011885 -0.000000 -0.028787 0.994742 -0.098285 0.008900 -0.014781 0.097891 0.995087 0.001100 0.000000 0.000000 0.000000 1.000000
0.999736 0.022738 0.003378 0.000000 -0.022327 0.995456 -0.092564 0.008900 -0.005467 0.092464 0.995701 0.001100 0.000000 0.000000 0.000000 1.000000
0.999880 0.015394 -0.001699 0.000000 -0.015482 0.996507 -0.082056 0.008900 0.000430 0.082072 0.996626 0.001100 0.000000 0.000000 0.000000 1.000000
0.999926 0.012086 -0.001002 0.000000 -0.012127 0.997475 -0.069974 0.008900 0.000153 0.069981 0.997548 0.001100 0.000000 0.000000 0.000000 1.000000
0.999925 0.011290 0.004840 0.000000 -0.010988 0.998229 -0.058457 0.008900 -0.005491 0.058400 0.998278 0.001100 0.000000 0.000000 0.000000 1.000000
0.999935 0.008563 0.007581 -0.000000 -0.008172 0.998711 -0.050091 0.008900 -0.008000 0.050026 0.998716 0.001100 0.000000 0.000000 0.000000 1.000000
0.999993 0.003065 0.002142 -0.000000 -0.002959 0.998860 -0.047645 0.008900 -0.002286 0.047638 0.998862 0.001100 0.000000 0.000000 0.000000 1.000000
0.999930 -0.004307 -0.010994 -0.000000 0.003724 0.998616 -0.052460 0.008900 0.011205 0.052415 0.998563 0.001100 0.000000 0.000000 0.000000 1.000000
0.999605 -0.011477 -0.025642 -0.000000 0.009834 0.997945 -0.063316 0.008900 0.026316 0.063039 0.997664 0.001100 0.000000 0.000000 0.000000 1.000000
0.999379 -0.016365 -0.031211 -0.000000 0.014064 0.997262 -0.072593 0.008900 0.032314 0.072109 0.996873 0.001100 0.000000 0.000000 0.000000 1.000000
0.999584 -0.016843 -0.023401 0.000000 0.015073 0.997154 -0.073874 0.008900 0.024579 0.073491 0.996993 0.001100 0.000000 0.000000 0.000000 1.000000
0.999907 -0.012056 -0.006354 0.000000 0.011586 0.997525 -0.069357 0.008900 0.007175 0.069277 0.997572 0.001100 0.000000 0.000000 0.000000 1.000000
0.999903 -0.002813 0.013639 0.000000 0.003677 0.997958 -0.063767 0.008900 -0.013432 0.063811 0.997872 0.001100 0.000000 0.000000 0.000000 1.000000
0.999515 0.008710 0.029885 0.000000 -0.006850 0.998067 -0.061765 0.008900 -0.030365 0.061531 0.997643 0.001100 0.000000 0.000000 0.000000 1.000000
0.999093 0.017747 0.038714 -0.000000 -0.015338 0.997980 -0.061647 0.008900 -0.039730 0.060997 0.997347 0.001100 0.000000 0.000000 0.000000 1.000000
0.998862 0.021013 0.042822 0.000000 -0.018540 0.998182 -0.057351 0.008900 -0.043949 0.056492 0.997435 0.001100 0.000000 0.000000 0.000000 1.000000
0.998756 0.018676 0.046240 0.000000 -0.016480 0.998738 -0.047432 0.008900 -0.047068 0.046611 0.997804 0.001100 0.000000 0.000000 0.000000 1.000000
0.998602 0.013001 0.051243 0.000000 -0.011284 0.999370 -0.033664 0.008900 -0.051649 0.033038 0.998119 0.001100 0.000000 0.000000 0.000000 1.000000
0.998296 0.007743 0.057833 0.000000 -0.006579 0.999772 -0.020290 0.008900 -0.057977 0.019875 0.998120 0.001100 0.000000 0.000000 0.000000 1.000000
0.997975 0.006624 0.063263 0.000000 -0.005909 0.999917 -0.011490 0.008900 -0.063334 0.011093 0.997931 0.001100 0.000000 0.000000 0.000000 1.000000
0.997731 0.009134 0.066698 0.000000 -0.008709 0.999940 -0.006659 0.008900 -0.066755 0.006063 0.997751 0.001100 0.000000 0.000000 0.000000 1.000000
0.997530 0.013418 0.068945 -0.000000 -0.013243 0.999908 -0.002999 0.008900 -0.068978 0.002079 0.997616 0.001100 0.000000 0.000000 0.000000 1.000000
0.997354 0.017334 0.070607 0.000000 -0.017438 0.999848 0.000857 0.008900 -0.070581 -0.002086 0.997504 0.001100 0.000000 0.000000 0.000000 1.000000
0.997230 0.019293 0.071839 0.000000 -0.019668 0.999796 0.004508 0.008900 -0.071737 -0.005908 0.997406 0.001100 0.000000 0.000000 0.000000 1.000000</float_array>
        <technique_common>
          <accessor source="#mixamorig_Head-Matrix-animation-output-transform-array" count="31" stride="16">
            <param type="float4x4"/>
          </accessor>
        </technique_common>
      </source>
      <source id="mixamorig_Head-Interpolations">
