<?xml version="1.0" encoding="utf-8"?>
<COLLADA xmlns="http://www.collada.org/2005/11/COLLADASchema" version="1.4.1">
  <asset>
    <contributor>
      <author>Mixamo</author>
      <authoring_tool>COLLADA Mixamo exporter</authoring_tool>
      <comments/>
    </contributor>
    <created>2026-05-01T17:21:41Z</created>
    <modified>2026-05-01T17:21:41Z</modified>
    <revision/>
    <title/>
    <unit meter="0.010000"/>
    <up_axis>Y_UP</up_axis>
  </asset>
  <library_animations>
    <animation id="mixamorig_Hips-anim" name="mixamorig_Hips">
      <source id="mixamorig_Hips-Matrix-animation-input">
        <float_array id="mixamorig_Hips-Matrix-animation-input-array" count="32">

0.000000 0.033333 0.066667 0.100000 0.133333 0.166667 0.200000 0.233333 0.266667 0.300000 0.333333 0.366667 0.400000 0.433333 0.466667 0.500000
0.533333 0.566667 0.600000 0.633333 0.666667 0.700000 0.733333 0.766667 0.800000 0.833333 0.866667 0.900000 0.933333 0.966667 1.000000 1.033333</float_array>
        <technique_common>
          <accessor source="#mixamorig_Hips-Matrix-animation-input-array" count="32">
            <param name="TIME" type="float"/>
          </accessor>
        </technique_common>
      </source>
      <source id="mixamorig_Hips-Matrix-animation-output-transform">
        <float_array id="mixamorig_Hips-Matrix-animation-output-transform-array" count="512">

0.403875 -0.073022 -0.911895 -0.000268 -0.005668 0.996590 -0.082315 0.125609 0.914797 0.038413 0.402084 0.000047 0.000000 0.000000 0.000000 1.000000
0.372129 -0.086356 -0.924155 0.000142 0.005634 0.995854 -0.090787 0.125666 0.928164 0.028578 0.371073 0.000463 0.000000 0.000000 0.000000 1.000000
0.331893 -0.094666 -0.938555 0.000449 0.003241 0.995060 -0.099219 0.124952 0.943311 0.029889 0.330560 0.000893 0.000000 0.000000 0.000000 1.000000
0.271315 -0.096193 -0.957672 0.000303 -0.014164 0.994486 -0.103904 0.123216 0.962386 0.041755 0.268456 0.001269 0.000000 0.000000 0.000000 1.000000
0.194870 -0.093798 -0.976334 -0.000233 -0.039013 0.993888 -0.103271 0.120786 0.980053 0.058214 0.190019 0.001512 0.000000 0.000000 0.000000 1.000000
0.126839 -0.092793 -0.987574 -0.000711 -0.058386 0.993190 -0.100819 0.118411 0.990204 0.070448 0.120557 0.001561 0.000000 0.000000 0.000000 1.000000
0.097307 -0.096170 -0.990597 -0.001073 -0.061491 0.992838 -0.102428 0.116265 0.993353 0.070879 0.090696 0.001508 0.000000 0.000000 0.000000 1.000000
0.109607 -0.102847 -0.988640 -0.001652 -0.036228 0.993558 -0.107375 0.115217 0.993315 0.047585 0.105175 0.001479 0.000000 0.000000 0.000000 1.000000
0.143375 -0.109834 -0.983555 -0.002637 -0.002344 0.993782 -0.111317 0.114723 0.989666 0.018265 0.142226 0.001425 0.000000 0.000000 0.000000 1.000000
0.192525 -0.116664 -0.974332 -0.003593 0.031894 0.993127 -0.112612 0.114901 0.980774 -0.009395 0.194922 0.001340 0.000000 0.000000 0.000000 1.000000
0.249156 -0.125601 -0.960284 -0.003652 0.067052 0.991412 -0.112275 0.116456 0.966139 -0.036415 0.255438 0.001283 0.000000 0.000000 0.000000 1.000000
0.297623 -0.132935 -0.945383 -0.003050 0.090342 0.989736 -0.110730 0.118171 0.950399 -0.052452 0.306578 0.001357 0.000000 0.000000 0.000000 1.000000
0.336192 -0.136650 -0.931827 -0.002252 0.094755 0.989305 -0.110892 0.119989 0.937015 -0.051014 0.345545 0.001102 0.000000 0.000000 0.000000 1.000000
0.369608 -0.137514 -0.918956 -0.001495 0.082814 0.989928 -0.114826 0.121974 0.925490 -0.033662 0.377273 0.000682 0.000000 0.000000 0.000000 1.000000
0.394529 -0.136930 -0.908624 -0.000758 0.062047 0.990547 -0.122335 0.123981 0.916786 -0.008112 0.399295 0.000382 0.000000 0.000000 0.000000 1.000000
0.403417 -0.136861 -0.904723 0.000163 0.043657 0.990504 -0.130371 0.125634 0.913974 0.013096 0.405561 0.000475 0.000000 0.000000 0.000000 1.000000
0.407180 -0.135110 -0.903299 0.001217 0.030800 0.990467 -0.134264 0.126589 0.912829 0.026848 0.407460 0.000977 0.000000 0.000000 0.000000 1.000000
0.413836 -0.139736 -0.899563 0.002126 0.033057 0.989804 -0.138546 0.126749 0.909751 0.027598 0.414236 0.001379 0.000000 0.000000 0.000000 1.000000
0.427576 -0.149306 -0.891564 0.002642 0.049122 0.988646 -0.142006 0.125874 0.902644 0.016923 0.430056 0.001653 0.000000 0.000000 0.000000 1.000000
0.448666 -0.159220 -0.879402 0.002697 0.073567 0.987242 -0.141211 0.124030 0.890667 -0.001339 0.454655 0.001852 0.000000 0.000000 0.000000 1.000000
0.473657 -0.163573 -0.865386 0.002450 0.096580 0.986322 -0.133570 0.121665 0.875398 -0.020312 0.482976 0.002030 0.000000 0.000000 0.000000 1.000000
0.483418 -0.164134 -0.859865 0.002588 0.104718 0.986054 -0.129348 0.119767 0.869104 -0.027514 0.493864 0.002127 0.000000 0.000000 0.000000 1.000000
0.484534 -0.149927 -0.861829 0.002164 0.091172 0.988493 -0.120704 0.118318 0.870008 -0.020090 0.492627 0.001982 0.000000 0.000000 0.000000 1.000000
0.485247 -0.126259 -0.865213 0.001209 0.060017 0.991995 -0.111100 0.117343 0.872315 0.001983 0.488941 0.001530 0.000000 0.000000 0.000000 1.000000
0.485856 -0.106077 -0.867578 0.000050 0.026515 0.993940 -0.106679 0.116685 0.873637 0.028827 0.485724 0.000860 0.000000 0.000000 0.000000 1.000000
0.483903 -0.102367 -0.869114 -0.000864 0.010173 0.993726 -0.111380 0.116164 0.875063 0.045056 0.481908 0.000188 0.000000 0.000000 0.000000 1.000000
0.489646 -0.085927 -0.867677 -0.001369 -0.014564 0.994187 -0.106675 0.116740 0.871800 0.064870 0.485549 -0.000360 0.000000 0.000000 0.000000 1.000000
0.490364 -0.073716 -0.868394 -0.001468 -0.030159 0.994384 -0.101441 0.118079 0.870996 0.075933 0.485387 -0.000678 0.000000 0.000000 0.000000 1.000000
0.475885 -0.067556 -0.876909 -0.001322 -0.035475 0.994760 -0.095886 0.120010 0.878792 0.076739 0.470995 -0.000738 0.000000 0.000000 0.000000 1.000000
0.450583 -0.065434 -0.890333 -0.001073 -0.032993 0.995408 -0.089853 0.122190 0.892125 0.069861 0.446356 -0.000586 0.000000 0.000000 0.000000 1.000000
0.431024 -0.064663 -0.900021 -0.000794 -0.025911 0.996131 -0.083977 0.124126 0.901969 0.059517 0.427680 -0.000321 0.000000 0.000000 0.000000 1.000000
0.409443 -0.071276 -0.909547 -0.000376 -0.009724 0.996546 -0.082471 0.125328 0.912284 0.042611 0.407336 -0.000027 0.000000 0.000000 0.000000 1.000000</float_array>
        <technique_common>
          <accessor source="#mixamorig_Hips-Matrix-animation-output-transform-array" count="32" stride="16">
            <param type="float4x4"/>
          </accessor>
        </technique_common>
      </source>
      <source id="mixamorig_Hips-Interpolations">
        <Name_array id="mixamorig_Hips-Interpolations-array" count="32">
 LINEAR LINEAR LINEAR LINEAR LINEAR LINEAR LINEAR LINEAR LINEAR LINEAR LINEAR
LINEAR LINEAR LINEAR LINEAR LINEAR LINEAR LINEAR LINEAR LINEAR LINEAR LINEAR LINEAR
LINEAR LINEAR LINEAR LINEAR LINEAR LINEAR LINEAR LINEAR LINEAR</Name_array>
        <technique_common>
          <accessor source="#mixamorig_Hips-Interpolations-array" count="32">
            <param type="name"/>
          </accessor>
        </technique_common>
      </source>
      <sampler id="mixamorig_Hips-Matrix-animation-transform">
        <input semantic="INPUT" source="#mixamorig_Hips-Matrix-animation-input"/>
        <input semantic="OUTPUT" source="#mixamorig_Hips-Matrix-animation-output-transform"/>
        <input semantic="INTERPOLATION" source="#mixamorig_Hips-Interpolations"/>
      </sampler>
      <channel source="#mixamorig_Hips-Matrix-animation-transform" target="mixamorig_Hips/matrix"/>
    </animation>
    <animation id="mixamorig_Spine-anim" name="mixamorig_Spine">
      <source id="mixamorig_Spine-Matrix-animation-input">
        <float_array id="mixamorig_Spine-Matrix-animation-input-array" count="32">

0.000000 0.033333 0.066667 0.100000 0.133333 0.166667 0.200000 0.233333 0.266667 0.300000 0.333333 0.366667 0.400000 0.433333 0.466667 0.500000
0.533333 0.566667 0.600000 0.633333 0.666667 0.700000 0.733333 0.766667 0.800000 0.833333 0.866667 0.900000 0.933333 0.966667 1.000000 1.033333</float_array>
        <technique_common>
          <accessor source="#mixamorig_Spine-Matrix-animation-input-array" count="32">
            <param name="TIME" type="float"/>
          </accessor>
        </technique_common>
      </source>
      <source id="mixamorig_Spine-Matrix-animation-output-transform">
        <float_array id="mixamorig_Spine-Matrix-animation-output-transform-array" count="512">

0.991770 0.005206 0.127927 0.000000 0.003707 0.997586 -0.069337 0.008500 -0.127979 0.069241 0.989357 -0.000300 0.000000 0.000000 0.000000 1.000000
0.988156 0.020513 0.152079 0.000000 -0.010401 0.997699 -0.066991 0.008500 -0.153103 0.064615 0.986096 -0.000300 0.000000 0.000000 0.000000 1.000000
0.982225 0.022152 0.186394 -0.000000 -0.010630 0.997983 -0.062589 0.008500 -0.187404 0.059495 0.980479 -0.000300 0.000000 0.000000 0.000000 1.000000
0.971159 0.016397 0.237869 -0.000000 -0.003293 0.998460 -0.055385 0.008500 -0.238410 0.053004 0.969717 -0.000300 0.000000 0.000000 0.000000 1.000000
0.954386 0.008980 0.298441 -0.000000 0.005620 0.998830 -0.048027 0.008500 -0.298523 0.047514 0.953219 -0.000300 0.000000 0.000000 0.000000 1.000000
0.937687 0.003943 0.347460 0.000000 0.012765 0.998870 -0.045783 0.008500 -0.347248 0.047366 0.936577 -0.000300 0.000000 0.000000 0.000000 1.000000
0.929318 0.009342 0.369163 0.000000 0.009102 0.998797 -0.048189 0.008500 -0.369169 0.048144 0.928114 -0.000300 0.000000 0.000000 0.000000 1.000000
0.931482 0.037230 0.361878 0.000000 -0.018646 0.998328 -0.054712 0.008500 -0.363310 0.044216 0.930618 -0.000300 0.000000 0.000000 0.000000 1.000000
0.935932 0.069288 0.345297 0.000000 -0.051615 0.996855 -0.060127 0.008500 -0.348377 0.038452 0.936566 -0.000300 0.000000 0.000000 0.000000 1.000000
0.941409 0.096263 0.323238 0.000000 -0.079057 0.994684 -0.065976 0.008500 -0.327871 0.036556 0.944015 -0.000300 0.000000 0.000000 0.000000 1.000000
0.951767 0.119920 0.282416 -0.000000 -0.102219 0.991804 -0.076657 0.008500 -0.289294 0.044092 0.956224 -0.000300 0.000000 0.000000 0.000000 1.000000
0.965478 0.124296 0.228917 -0.000000 -0.108107 0.990752 -0.082000 0.008500 -0.236992 0.054422 0.969986 -0.000300 0.000000 0.000000 0.000000 1.000000
0.975087 0.116388 0.188834 0.000000 -0.102000 0.991212 -0.084235 0.008500 -0.196978 0.062876 0.978390 -0.000300 0.000000 0.000000 0.000000 1.000000
0.982602 0.095632 0.159212 -0.000000 -0.083285 0.993104 -0.082510 0.008500 -0.166005 0.067814 0.983790 -0.000300 0.000000 0.000000 0.000000 1.000000
0.988180 0.066703 0.138025 0.000000 -0.056265 0.995349 -0.078195 0.008500 -0.142599 0.069505 0.987337 -0.000300 0.000000 0.000000 0.000000 1.000000
0.991085 0.039856 0.127131 0.000000 -0.030570 0.996777 -0.074173 0.008500 -0.129677 0.069625 0.989109 -0.000300 0.000000 0.000000 0.000000 1.000000
0.992866 0.021573 0.117269 0.000000 -0.013232 0.997357 -0.071444 0.008500 -0.118500 0.069382 0.990527 -0.000300 0.000000 0.000000 0.000000 1.000000
0.994540 0.020714 0.102284 0.000000 -0.013603 0.997472 -0.069740 0.008500 -0.103470 0.067968 0.992308 -0.000300 0.000000 0.000000 0.000000 1.000000
0.996236 0.034309 0.079604 0.000000 -0.028990 0.997330 -0.067029 0.008500 -0.081691 0.064469 0.994570 -0.000300 0.000000 0.000000 0.000000 1.000000
0.997214 0.053432 0.052044 0.000000 -0.050089 0.996721 -0.063548 0.008500 -0.055269 0.060764 0.996621 -0.000300 0.000000 0.000000 0.000000 1.000000
0.997480 0.065420 0.027441 0.000000 -0.063598 0.996003 -0.062718 0.008500 -0.031434 0.060815 0.997654 -0.000300 0.000000 0.000000 0.000000 1.000000
0.997909 0.061727 0.019169 0.000000 -0.060370 0.996074 -0.064745 0.008500 -0.023090 0.063452 0.997718 -0.000300 0.000000 0.000000 0.000000 1.000000
0.998851 0.043122 0.020924 0.000000 -0.041617 0.996837 -0.067707 0.008500 -0.023778 0.066758 0.997486 -0.000300 0.000000 0.000000 0.000000 1.000000
0.999487 0.012786 0.029356 0.000000 -0.010795 0.997695 -0.066999 0.008500 -0.030145 0.066648 0.997321 -0.000300 0.000000 0.000000 0.000000 1.000000
0.999087 -0.016882 0.039250 0.000000 0.019296 0.997892 -0.061963 0.008500 -0.038121 0.062663 0.997306 -0.000300 0.000000 0.000000 0.000000 1.000000
0.998525 -0.029905 0.045325 0.000000 0.032486 0.997827 -0.057325 0.008500 -0.043512 0.058713 0.997326 -0.000300 0.000000 0.000000 0.000000 1.000000
0.997577 -0.049226 0.049158 0.000000 0.052192 0.996773 -0.060996 0.008500 -0.045996 0.063414 0.996927 -0.000300 0.000000 0.000000 0.000000 1.000000
0.996603 -0.056695 0.059738 0.000000 0.060463 0.996163 -0.063270 0.008500 -0.055921 0.066667 0.996207 -0.000300 0.000000 0.000000 0.000000 1.000000
0.995621 -0.051083 0.078292 0.000000 0.056176 0.996349 -0.064286 0.008500 -0.074722 0.068402 0.994856 -0.000300 0.000000 0.000000 0.000000 1.000000
0.994418 -0.037163 0.098756 0.000000 0.043752 0.996898 -0.065421 0.008500 -0.096019 0.069377 0.992959 -0.000300 0.000000 0.000000 0.000000 1.000000
0.993537 -0.022059 0.111347 0.000000 0.029657 0.997309 -0.067047 0.008500 -0.109569 0.069916 0.991517 -0.000300 0.000000 0.000000 0.000000 1.000000
0.992205 -0.000387 0.124616 0.000000 0.009031 0.997589 -0.068810 0.008500 -0.124289 0.069399 0.989816 -0.000300 0.000000 0.000000 0.000000 1.000000</float_array>
        <technique_common>
          <accessor source="#mixamorig_Spine-Matrix-animation-output-transform-array" count="32" stride="16">
            <param type="float4x4"/>
          </accessor>
        </technique_common>
      </source>
      <source id="mixamorig_Spine-Interpolations">
        <Name_array id="mixamorig_Spine-Interpolations-array" count="32">
 LINEAR LINEAR LINEAR LINEAR LINEAR LINEAR LINEAR LINEAR LINEAR LINEAR LINEAR
LINEAR LINEAR LINEAR LINEAR LINEAR LINEAR LINEAR LINEAR LINEAR LINEAR LINEAR LINEAR
LINEAR LINEAR LINEAR LINEAR LINEAR LINEAR LINEAR LINEAR LINEAR</Name_array>
        <technique_common>
          <accessor source="#mixamorig_Spine-Interpolations-array" count="32">
            <param type="name"/>
          </accessor>
        </technique_common>
      </source>
      <sampler id="mixamorig_Spine-Matrix-animation-transform">
        <input semantic="INPUT" source="#mixamorig_Spine-Matrix-animation-input"/>
        <input semantic="OUTPUT" source="#mixamorig_Spine-Matrix-animation-output-transform"/>
        <input semantic="INTERPOLATION" source="#mixamorig_Spine-Interpolations"/>
      </sampler>
      <channel source="#mixamorig_Spine-Matrix-animation-transform" target="mixamorig_Spine/matrix"/>
    </animation>
    <animation id="mixamorig_Spine1-anim" name="mixamorig_Spine1">
      <source id="mixamorig_Spine1-Matrix-animation-input">
        <float_array id="mixamorig_Spine1-Matrix-animation-input-array" count="32">

0.000000 0.033333 0.066667 0.100000 0.133333 0.166667 0.200000 0.233333 0.266667 0.300000 0.333333 0.366667 0.400000 0.433333 0.466667 0.500000
0.533333 0.566667 0.600000 0.633333 0.666667 0.700000 0.733333 0.766667 0.800000 0.833333 0.866667 0.900000 0.933333 0.966667 1.000000 1.033333</float_array>
        <technique_common>
          <accessor source="#mixamorig_Spine1-Matrix-animation-input-array" count="32">
            <param name="TIME" type="float"/>
          </accessor>
        </technique_common>
      </source>
      <source id="mixamorig_Spine1-Matrix-animation-output-transform">
        <float_array id="mixamorig_Spine1-Matrix-animation-output-transform-array" count="512">

0.996539 0.004344 0.083009 0.000000 0.001733 0.997331 -0.072994 0.009900 -0.083104 0.072886 0.993872 0.000000 0.000000 0.000000 0.000000 1.000000
0.995901 0.012271 0.089611 0.000000 -0.005949 0.997495 -0.070485 0.009900 -0.090251 0.069663 0.993480 0.000000 0.000000 0.000000 0.000000 1.000000
0.995113 0.014713 0.097645 0.000000 -0.008249 0.997767 -0.066280 0.009900 -0.098402 0.065150 0.993012 0.000000 0.000000 0.000000 0.000000 1.000000
0.994187 0.012610 0.106929 0.000000 -0.006099 0.998119 -0.061005 0.009900 -0.107497 0.059999 0.992393 -0.000000 0.000000 0.000000 0.000000 1.000000
0.993168 0.008690 0.116370 0.000000 -0.002137 0.998411 -0.056311 0.009900 -0.116674 0.055678 0.991608 0.000000 0.000000 0.000000 0.000000 1.000000
0.992245 0.006535 0.124129 -0.000000 0.000231 0.998518 -0.054414 0.009900 -0.124301 0.054021 0.990773 -0.000000 0.000000 0.000000 0.000000 1.000000
0.991855 0.010198 0.126967 0.000000 -0.002920 0.998348 -0.057382 0.009900 -0.127342 0.056544 0.990246 0.000000 0.000000 0.000000 0.000000 1.000000
0.991723 0.019180 0.126952 -0.000000 -0.011771 0.998197 -0.058854 0.009900 -0.127852 0.056872 0.990161 0.000000 0.000000 0.000000 0.000000 1.000000
0.991945 0.030514 0.122942 0.000000 -0.023368 0.997975 -0.059153 0.009900 -0.124498 0.055803 0.990649 0.000000 0.000000 0.000000 0.000000 1.000000
0.992157 0.040903 0.118117 -0.000000 -0.033846 0.997555 -0.061143 0.009900 -0.120329 0.056665 0.991115 0.000000 0.000000 0.000000 0.000000 1.000000
0.991778 0.047507 0.118824 0.000000 -0.039596 0.996894 -0.068075 0.009900 -0.121689 0.062810 0.990579 0.000000 0.000000 0.000000 0.000000 1.000000
0.991224 0.049917 0.122410 0.000000 -0.041336 0.996571 -0.071671 0.009900 -0.125568 0.065982 0.989888 -0.000000 0.000000 0.000000 0.000000 1.000000
0.992012 0.046177 0.117390 0.000000 -0.037612 0.996537 -0.074158 0.009900 -0.120407 0.069150 0.990313 0.000000 0.000000 0.000000 0.000000 1.000000
0.993514 0.038717 0.106915 0.000000 -0.030729 0.996682 -0.075376 0.009900 -0.109479 0.071601 0.991407 0.000000 0.000000 0.000000 0.000000 1.000000
0.994976 0.029753 0.095588 0.000000 -0.022556 0.996890 -0.075513 0.009900 -0.097537 0.072978 0.992553 -0.000000 0.000000 0.000000 0.000000 1.000000
0.995994 0.020649 0.087008 -0.000000 -0.014102 0.997069 -0.075190 0.009900 -0.088305 0.073662 0.993366 0.000000 0.000000 0.000000 0.000000 1.000000
0.996527 0.013370 0.082186 0.000000 -0.007216 0.997178 -0.074724 0.009900 -0.082953 0.073872 0.993812 0.000000 0.000000 0.000000 0.000000 1.000000
0.996832 0.009843 0.078929 0.000000 -0.004019 0.997279 -0.073607 0.009900 -0.079439 0.073057 0.994159 0.000000 0.000000 0.000000 0.000000 1.000000
0.997184 0.011382 0.074126 0.000000 -0.006146 0.997494 -0.070482 0.009900 -0.074742 0.069828 0.994755 0.000000 0.000000 0.000000 0.000000 1.000000
0.997616 0.016742 0.066952 0.000000 -0.012279 0.997709 -0.066524 0.009900 -0.067913 0.065543 0.995536 -0.000000 0.000000 0.000000 0.000000 1.000000
0.998005 0.022033 0.059173 -0.000000 -0.018163 0.997709 -0.065169 0.009900 -0.060473 0.063964 0.996118 0.000000 0.000000 0.000000 0.000000 1.000000
0.998284 0.022289 0.054158 0.000000 -0.018634 0.997574 -0.067079 0.009900 -0.055521 0.065955 0.996277 0.000000 0.000000 0.000000 0.000000 1.000000
0.998493 0.015554 0.052623 -0.000000 -0.011851 0.997480 -0.069956 0.009900 -0.053579 0.069227 0.996161 0.000000 0.000000 0.000000 0.000000 1.000000
0.998505 0.006350 0.054295 0.000000 -0.002481 0.997471 -0.071036 0.009900 -0.054609 0.070795 0.995995 0.000000 0.000000 0.000000 0.000000 1.000000
0.998321 -0.001869 0.057902 0.000000 0.005904 0.997557 -0.069604 0.009900 -0.057630 0.069829 0.995893 0.000000 0.000000 0.000000 0.000000 1.000000
0.998085 -0.008491 0.061266 0.000000 0.012634 0.997636 -0.067552 0.009900 -0.060548 0.068197 0.995833 -0.000000 0.000000 0.000000 0.000000 1.000000
0.998048 -0.019702 0.059267 0.000000 0.023858 0.997243 -0.070259 0.009900 -0.057719 0.071536 0.995767 0.000000 0.000000 0.000000 0.000000 1.000000
0.997882 -0.022285 0.061116 0.000000 0.026654 0.997074 -0.071639 0.009900 -0.059341 0.073116 0.995556 -0.000000 0.000000 0.000000 0.000000 1.000000
0.997507 -0.018194 0.068177 0.000000 0.023102 0.997144 -0.071903 0.009900 -0.066674 0.073299 0.995079 0.000000 0.000000 0.000000 0.000000 1.000000
0.997006 -0.011659 0.076438 0.000000 0.017181 0.997258 -0.071985 0.009900 -0.075389 0.073083 0.994472 0.000000 0.000000 0.000000 0.000000 1.000000
0.996840 -0.006158 0.079192 0.000000 0.011911 0.997306 -0.072383 0.009900 -0.078533 0.073097 0.994228 0.000000 0.000000 0.000000 0.000000 1.000000
0.996609 0.002186 0.082250 0.000000 0.003826 0.997335 -0.072864 0.009900 -0.082190 0.072931 0.993945 0.000000 0.000000 0.000000 0.000000 1.000000</float_array>
        <technique_common>
          <accessor source="#mixamorig_Spine1-Matrix-animation-output-transform-array" count="32" stride="16">
            <param type="float4x4"/>
          </accessor>
        </technique_common>
      </source>
      <source id="mixamorig_Spine1-Interpolations">
        <Name_array id="mixamorig_Spine1-Interpolations-array" count="32">
 LINEAR LINEAR LINEAR LINEAR LINEAR LINEAR LINEAR LINEAR LINEAR LINEAR LINEAR
LINEAR LINEAR LINEAR LINEAR LINEAR LINEAR LINEAR LINEAR LINEAR LINEAR LINEAR LINEAR
LINEAR LINEAR LINEAR LINEAR LINEAR LINEAR LINEAR LINEAR LINEAR</Name_array>
        <technique_common>
          <accessor source="#mixamorig_Spine1-Interpolations-array" count="32">
            <param type="name"/>
          </accessor>
        </technique_common>
      </source>
      <sampler id="mixamorig_Spine1-Matrix-animation-transform">
        <input semantic="INPUT" source="#mixamorig_Spine1-Matrix-animation-input"/>
        <input semantic="OUTPUT" source="#mixamorig_Spine1-Matrix-animation-output-transform"/>
        <input semantic="INTERPOLATION" source="#mixamorig_Spine1-Interpolations"/>
      </sampler>
      <channel source="#mixamorig_Spine1-Matrix-animation-transform" target="mixamorig_Spine1/matrix"/>
    </animation>
    <animation id="mixamorig_Spine2-anim" name="mixamorig_Spine2">
      <source id="mixamorig_Spine2-Matrix-animation-input">
        <float_array id="mixamorig_Spine2-Matrix-animation-input-array" count="32">

0.000000 0.033333 0.066667 0.100000 0.133333 0.166667 0.200000 0.233333 0.266667 0.300000 0.333333 0.366667 0.400000 0.433333 0.466667 0.500000
0.533333 0.566667 0.600000 0.633333 0.666667 0.700000 0.733333 0.766667 0.800000 0.833333 0.866667 0.900000 0.933333 0.966667 1.000000 1.033333</float_array>
        <technique_common>
          <accessor source="#mixamorig_Spine2-Matrix-animation-input-array" count="32">
            <param name="TIME" type="float"/>
          </accessor>
        </technique_common>
      </source>
      <source id="mixamorig_Spine2-Matrix-animation-output-transform">
        <float_array id="mixamorig_Spine2-Matrix-animation-output-transform-array" count="512">

0.996504 0.003982 0.083455 0.000000 0.002089 0.997364 -0.072529 0.011300 -0.083524 0.072450 0.993869 -0.000000 0.000000 0.000000 0.000000 1.000000
0.995848 0.012020 0.090237 0.000000 -0.005719 0.997547 -0.069765 0.011300 -0.090854 0.068959 0.993474 0.000000 0.000000 0.000000 0.000000 1.000000
0.995036 0.014682 0.098422 0.000000 -0.008274 0.997838 -0.065203 0.011300 -0.099166 0.064065 0.993006 0.000000 0.000000 0.000000 0.000000 1.000000
0.994095 0.013043 0.107724 0.000000 -0.006624 0.998192 -0.059735 0.011300 -0.108308 0.058669 0.992385 -0.000000 0.000000 0.000000 0.000000 1.000000
0.993074 0.009679 0.117089 0.000000 -0.003242 0.998479 -0.055038 0.011300 -0.117444 0.054277 0.991595 0.000000 0.000000 0.000000 0.000000 1.000000
0.992147 0.007760 0.124836 0.000000 -0.001131 0.998589 -0.053085 0.011300 -0.125072 0.052527 0.990756 0.000000 0.000000 0.000000 0.000000 1.000000
0.991757 0.011121 0.127650 0.000000 -0.003996 0.998426 -0.055944 0.011300 -0.128072 0.054973 0.990240 0.000000 0.000000 0.000000 0.000000 1.000000
0.991632 0.019570 0.127606 0.000000 -0.012326 0.998280 -0.057315 0.011300 -0.128508 0.055262 0.990168 -0.000000 0.000000 0.000000 0.000000 1.000000
0.991866 0.030496 0.123577 -0.000000 -0.023509 0.998062 -0.057608 0.011300 -0.125095 0.054234 0.990661 -0.000000 0.000000 0.000000 0.000000 1.000000
0.992090 0.040648 0.118766 -0.000000 -0.033730 0.997647 -0.059690 0.011300 -0.120913 0.055212 0.991127 -0.000000 0.000000 0.000000 0.000000 1.000000
0.991719 0.046979 0.119525 0.000000 -0.039186 0.997001 -0.066733 0.011300 -0.122301 0.061497 0.990586 0.000000 0.000000 0.000000 0.000000 1.000000
0.991173 0.049394 0.123026 0.000000 -0.040925 0.996676 -0.070444 0.011300 -0.126096 0.064787 0.989900 0.000000 0.000000 0.000000 0.000000 1.000000
0.991972 0.045819 0.117865 0.000000 -0.037333 0.996617 -0.073222 0.011300 -0.120821 0.068234 0.990326 0.000000 0.000000 0.000000 0.000000 1.000000
0.993483 0.038464 0.107291 0.000000 -0.030516 0.996735 -0.074759 0.011300 -0.109816 0.070998 0.991413 0.000000 0.000000 0.000000 0.000000 1.000000
0.994950 0.029469 0.095953 -0.000000 -0.022284 0.996926 -0.075111 0.011300 -0.097871 0.072594 0.992548 0.000000 0.000000 0.000000 0.000000 1.000000
0.995964 0.020279 0.087433 0.000000 -0.013732 0.997101 -0.074837 0.011300 -0.088697 0.073334 0.993355 0.000000 0.000000 0.000000 0.000000 1.000000
0.996497 0.012922 0.082620 0.000000 -0.006766 0.997208 -0.074364 0.011300 -0.083351 0.073544 0.993803 0.000000 0.000000 0.000000 0.000000 1.000000
0.996812 0.009345 0.079233 0.000000 -0.003519 0.997299 -0.073359 0.011300 -0.079705 0.072846 0.994153 0.000000 0.000000 0.000000 0.000000 1.000000
0.997187 0.010963 0.074150 -0.000000 -0.005726 0.997497 -0.070476 0.011300 -0.074737 0.069854 0.994754 0.000000 0.000000 0.000000 0.000000 1.000000
0.997641 0.016517 0.066635 0.000000 -0.012057 0.997694 -0.066789 0.011300 -0.067585 0.065828 0.995540 0.000000 0.000000 0.000000 0.000000 1.000000
0.998038 0.021987 0.058631 0.000000 -0.018128 0.997684 -0.065559 0.011300 -0.059936 0.064368 0.996125 0.000000 0.000000 0.000000 0.000000 1.000000
0.998309 0.022231 0.053720 0.000000 -0.018589 0.997555 -0.067374 0.011300 -0.055087 0.066261 0.996281 0.000000 0.000000 0.000000 0.000000 1.000000
0.998507 0.015440 0.052391 0.000000 -0.011745 0.997469 -0.070122 0.011300 -0.053341 0.069402 0.996162 0.000000 0.000000 0.000000 0.000000 1.000000
0.998506 0.006102 0.054307 0.000000 -0.002232 0.997471 -0.071042 0.011300 -0.054603 0.070815 0.995994 -0.000000 0.000000 0.000000 0.000000 1.000000
0.998304 -0.002313 0.058164 0.000000 0.006354 0.997569 -0.069395 0.011300 -0.057862 0.069647 0.995892 0.000000 0.000000 0.000000 0.000000 1.000000
0.998050 -0.009098 0.061750 0.000000 0.013245 0.997660 -0.067080 0.011300 -0.060995 0.067767 0.995835 0.000000 0.000000 0.000000 0.000000 1.000000
0.998005 -0.020277 0.059798 0.000000 0.024438 0.997269 -0.069700 0.011300 -0.058221 0.071022 0.995774 -0.000000 0.000000 0.000000 0.000000 1.000000
0.997844 -0.022799 0.061538 0.000000 0.027169 0.997097 -0.071134 0.011300 -0.059738 0.072653 0.995567 0.000000 0.000000 0.000000 0.000000 1.000000
0.997480 -0.018645 0.068462 0.000000 0.023545 0.997164 -0.071479 0.011300 -0.066935 0.072910 0.995090 0.000000 0.000000 0.000000 0.000000 1.000000
0.996984 -0.012049 0.076666 0.000000 0.017559 0.997278 -0.071610 0.011300 -0.075595 0.072740 0.994482 -0.000000 0.000000 0.000000 0.000000 1.000000
0.996814 -0.006496 0.079498 0.000000 0.012244 0.997327 -0.072036 0.011300 -0.078817 0.072780 0.994229 -0.000000 0.000000 0.000000 0.000000 1.000000
0.996576 0.001830 0.082667 -0.000000 0.004176 0.997365 -0.072425 0.011300 -0.082581 0.072522 0.993942 0.000000 0.000000 0.000000 0.000000 1.000000</float_array>
        <technique_common>
          <accessor source="#mixamorig_Spine2-Matrix-animation-output-transform-array" count="32" stride="16">
            <param type="float4x4"/>
          </accessor>
        </technique_common>
      </source>
      <source id="mixamorig_Spine2-Interpolations">
        <Name_array id="mixamorig_Spine2-Interpolations-array" count="32">
 LINEAR LINEAR LINEAR LINEAR LINEAR LINEAR LINEAR LINEAR LINEAR LINEAR LINEAR
LINEAR LINEAR LINEAR LINEAR LINEAR LINEAR LINEAR LINEAR LINEAR LINEAR LINEAR LINEAR
LINEAR LINEAR LINEAR LINEAR LINEAR LINEAR LINEAR LINEAR LINEAR</Name_array>
        <technique_common>
          <accessor source="#mixamorig_Spine2-Interpolations-array" count="32">
            <param type="name"/>
          </accessor>
        </technique_common>
      </source>
      <sampler id="mixamorig_Spine2-Matrix-animation-transform">
        <input semantic="INPUT" source="#mixamorig_Spine2-Matrix-animation-input"/>
        <input semantic="OUTPUT" source="#mixamorig_Spine2-Matrix-animation-output-transform"/>
        <input semantic="INTERPOLATION" source="#mixamorig_Spine2-Interpolations"/>
      </sampler>
      <channel source="#mixamorig_Spine2-Matrix-animation-transform" target="mixamorig_Spine2/matrix"/>
    </animation>
    <animation id="mixamorig_Neck-anim" name="mixamorig_Neck">
      <source id="mixamorig_Neck-Matrix-animation-input">
        <float_array id="mixamorig_Neck-Matrix-animation-input-array" count="32">

0.000000 0.033333 0.066667 0.100000 0.133333 0.166667 0.200000 0.233333 0.266667 0.300000 0.333333 0.366667 0.400000 0.433333 0.466667 0.500000
0.533333 0.566667 0.600000 0.633333 0.666667 0.700000 0.733333 0.766667 0.800000 0.833333 0.866667 0.900000 0.933333 0.966667 1.000000 1.033333</float_array>
        <technique_common>
          <accessor source="#mixamorig_Neck-Matrix-animation-input-array" count="32">
            <param name="TIME" type="float"/>
          </accessor>
        </technique_common>
      </source>
      <source id="mixamorig_Neck-Matrix-animation-output-transform">
        <float_array id="mixamorig_Neck-Matrix-animation-output-transform-array" count="512">

0.994679 -0.032993 0.097600 0.000000 0.044225 0.992351 -0.115253 0.012700 -0.093051 0.118956 0.988530 0.000000 0.000000 0.000000 0.000000 1.000000
0.994733 -0.031533 0.097525 0.000000 0.042819 0.992338 -0.115895 0.012700 -0.093123 0.119461 0.988462 -0.000000 0.000000 0.000000 0.000000 1.000000
0.994867 -0.026340 0.097706 0.000000 0.037583 0.992645 -0.115078 0.012700 -0.093956 0.118159 0.988540 -0.000000 0.000000 0.000000 0.000000 1.000000
0.994876 -0.023265 0.098391 0.000000 0.034305 0.993110 -0.112050 0.012700 -0.095106 0.114851 0.988819 0.000000 0.000000 0.000000 0.000000 1.000000
0.994735 -0.023527 0.099740 0.000000 0.034222 0.993679 -0.106915 0.012700 -0.096594 0.109765 0.989253 -0.000000 0.000000 0.000000 0.000000 1.000000
0.994549 -0.022972 0.101707 0.000000 0.033282 0.994343 -0.100871 0.012700 -0.098814 0.103706 0.989687 0.000000 0.000000 0.000000 0.000000 1.000000
0.994448 -0.021742 0.102961 0.000000 0.031873 0.994695 -0.097801 0.012700 -0.100288 0.100540 0.989866 0.000000 0.000000 0.000000 0.000000 1.000000
0.994474 -0.022040 0.102644 0.000000 0.032126 0.994701 -0.097667 0.012700 -0.099948 0.100425 0.989912 0.000000 0.000000 0.000000 0.000000 1.000000
0.994624 -0.023737 0.100791 0.000000 0.033694 0.994590 -0.098267 0.012700 -0.097913 0.101135 0.990043 -0.000000 0.000000 0.000000 0.000000 1.000000
0.994852 -0.024236 0.098401 0.000000 0.034085 0.994436 -0.099678 0.012700 -0.095438 0.102519 0.990142 0.000000 0.000000 0.000000 0.000000 1.000000
0.995068 -0.019648 0.097228 0.000000 0.029784 0.994139 -0.103922 0.012700 -0.094616 0.106306 0.989822 0.000000 0.000000 0.000000 0.000000 1.000000
0.994997 -0.010949 0.099304 -0.000000 0.021762 0.993861 -0.108470 0.012700 -0.097507 0.110089 0.989127 0.000000 0.000000 0.000000 0.000000 1.000000
0.994854 -0.008573 0.100958 -0.000000 0.019674 0.993794 -0.109478 0.012700 -0.099393 0.110901 0.988849 -0.000000 0.000000 0.000000 0.000000 1.000000
0.994726 -0.008500 0.102215 0.000000 0.020012 0.993492 -0.112134 0.012700 -0.100597 0.113588 0.988422 -0.000000 0.000000 0.000000 0.000000 1.000000
0.994604 -0.007507 0.103471 -0.000000 0.019638 0.992970 -0.116728 0.012700 -0.101867 0.118130 0.987759 0.000000 0.000000 0.000000 0.000000 1.000000
0.994464 -0.005723 0.104926 0.000000 0.018163 0.992848 -0.117995 0.012700 -0.103501 0.119247 0.987455 0.000000 0.000000 0.000000 0.000000 1.000000
0.994393 -0.007329 0.105495 -0.000000 0.019503 0.993193 -0.114839 0.012700 -0.103936 0.116253 0.987766 0.000000 0.000000 0.000000 0.000000 1.000000
0.994307 -0.010554 0.106025 0.000000 0.022209 0.993754 -0.109360 0.012700 -0.104208 0.111092 0.988332 0.000000 0.000000 0.000000 0.000000 1.000000
0.994141 -0.014236 0.107148 0.000000 0.025365 0.994335 -0.103225 0.012700 -0.105071 0.105338 0.988870 0.000000 0.000000 0.000000 0.000000 1.000000
0.993939 -0.017516 0.108532 -0.000000 0.028288 0.994733 -0.098524 0.012700 -0.106234 0.100997 0.989199 0.000000 0.000000 0.000000 0.000000 1.000000
0.993837 -0.019665 0.109095 -0.000000 0.030343 0.994812 -0.097100 0.012700 -0.106619 0.099812 0.989277 0.000000 0.000000 0.000000 0.000000 1.000000
0.993846 -0.018607 0.109199 0.000000 0.029160 0.994968 -0.095854 0.012700 -0.106866 0.098448 0.989387 0.000000 0.000000 0.000000 0.000000 1.000000
0.993878 -0.015640 0.109374 0.000000 0.026431 0.994844 -0.097916 0.012700 -0.107279 0.100207 0.989166 0.000000 0.000000 0.000000 0.000000 1.000000
0.993987 -0.014270 0.108560 -0.000000 0.025318 0.994556 -0.101081 0.012700 -0.106527 0.103221 0.988938 0.000000 0.000000 0.000000 0.000000 1.000000
0.994148 -0.014760 0.107016 0.000000 0.025786 0.994410 -0.102389 0.012700 -0.104906 0.104549 0.988971 0.000000 0.000000 0.000000 0.000000 1.000000
0.994245 -0.014273 0.106174 -0.000000 0.024933 0.994698 -0.099768 0.012700 -0.104187 0.101841 0.989330 0.000000 0.000000 0.000000 0.000000 1.000000
0.994336 -0.013295 0.105445 -0.000000 0.023656 0.994942 -0.097627 0.012700 -0.103613 0.099568 0.989621 0.000000 0.000000 0.000000 0.000000 1.000000
0.994558 -0.017397 0.102719 0.000000 0.027406 0.994922 -0.096850 0.012700 -0.100512 0.099138 0.989984 -0.000000 0.000000 0.000000 0.000000 1.000000
0.994736 -0.023793 0.099672 0.000000 0.033666 0.994560 -0.098578 0.012700 -0.096784 0.101414 0.990125 0.000000 0.000000 0.000000 0.000000 1.000000
0.994772 -0.029239 0.097842 0.000000 0.039370 0.993873 -0.103276 0.012700 -0.094223 0.106588 0.989829 0.000000 0.000000 0.000000 0.000000 1.000000
0.994709 -0.031713 0.097714 -0.000000 0.042486 0.992999 -0.110215 0.012700 -0.093535 0.113783 0.989093 -0.000000 0.000000 0.000000 0.000000 1.000000
0.994684 -0.032772 0.097618 0.000000 0.043917 0.992475 -0.114300 0.012700 -0.093138 0.117979 0.988639 -0.000000 0.000000 0.000000 0.000000 1.000000</float_array>
        <technique_common>
          <accessor source="#mixamorig_Neck-Matrix-animation-output-transform-array" count="32" stride="16">
            <param type="float4x4"/>
          </accessor>
        </technique_common>
      </source>
      <source id="mixamorig_Neck-Interpolations">
        <Name_array id="mixamorig_Neck-Interpolations-array" count="32">
 LINEAR LINEAR LINEAR LINEAR LINEAR LINEAR LINEAR LINEAR LINEAR LINEAR LINEAR
LINEAR LINEAR LINEAR LINEAR LINEAR LINEAR LINEAR LINEAR LINEAR LINEAR LINEAR LINEAR
LINEAR LINEAR LINEAR LINEAR LINEAR LINEAR LINEAR LINEAR LINEAR</Name_array>
        <technique_common>
          <accessor source="#mixamorig_Neck-Interpolations-array" count="32">
            <param type="name"/>
          </accessor>
        </technique_common>
      </source>
      <sampler id="mixamorig_Neck-Matrix-animation-transform">
        <input semantic="INPUT" source="#mixamorig_Neck-Matrix-animation-input"/>
        <input semantic="OUTPUT" source="#mixamorig_Neck-Matrix-animation-output-transform"/>
        <input semantic="INTERPOLATION" source="#mixamorig_Neck-Interpolations"/>
      </sampler>
      <channel source="#mixamorig_Neck-Matrix-animation-transform" target="mixamorig_Neck/matrix"/>
    </animation>
    <animation id="mixamorig_Head-anim" name="mixamorig_Head">
      <source id="mixamorig_Head-Matrix-animation-input">
        <float_array id="mixamorig_Head-Matrix-animation-input-array" count="32">

0.000000 0.033333 0.066667 0.100000 0.133333 0.166667 0.200000 0.233333 0.266667 0.300000 0.333333 0.366667 0.400000 0.433333 0.466667 0.500000
0.533333 0.566667 0.600000 0.633333 0.666667 0.700000 0.733333 0.766667 0.800000 0.833333 0.866667 0.900000 0.933333 0.966667 1.000000 1.033333</float_array>
        <technique_common>
          <accessor source="#mixamorig_Head-Matrix-animation-input-array" count="32">
            <param name="TIME" type="float"/>
          </accessor>
        </technique_common>
      </source>
      <source id="mixamorig_Head-Matrix-animation-output-transform">
        <float_array id="mixamorig_Head-Matrix-animation-output-transform-array" count="512">

0.810834 0.104857 0.575806 0.000000 -0.177512 0.981538 0.071226 0.008900 -0.557707 -0.159965 0.814478 0.001100 0.000000 0.000000 0.000000 1.000000
0.812500 0.100588 0.574217 0.000000 -0.172224 0.982453 0.071592 0.008900 -0.556940 -0.157062 0.815567 0.001100 0.000000 0.000000 0.000000 1.000000
0.811784 0.105358 0.574375 0.000000 -0.177424 0.981591 0.070706 0.008900 -0.556352 -0.159306 0.815533 0.001100 0.000000 0.000000 0.000000 1.000000
0.807161 0.115015 0.579019 0.000000 -0.187626 0.979960 0.066896 0.008900 -0.559721 -0.162635 0.812565 0.001100 0.000000 0.000000 0.000000 1.000000
0.799603 0.123013 0.587795 0.000000 -0.197063 0.978344 0.063326 0.008900 -0.567275 -0.166468 0.806528 0.001100 0.000000 0.000000 0.000000 1.000000
0.792648 0.123175 0.597107 -0.000000 -0.202937 0.976836 0.067887 0.008900 -0.574914 -0.174986 0.799283 0.001100 0.000000 0.000000 0.000000 1.000000
0.790849 0.114474 0.601210 0.000000 -0.207758 0.974233 0.087792 0.008900 -0.575668 -0.194336 0.794254 0.001100 0.000000 0.000000 0.000000 1.000000
0.796228 0.097453 0.597096 0.000000 -0.200846 0.973547 0.108935 0.008900 -0.570685 -0.206661 0.794739 0.001100 0.000000 0.000000 0.000000 1.000000
0.807860 0.078083 0.584180 -0.000000 -0.183867 0.975107 0.123934 0.008900 -0.559961 -0.207532 0.802106 0.001100 0.000000 0.000000 0.000000 1.000000
0.820711 0.062771 0.567885 -0.000000 -0.166326 0.977146 0.132367 0.008900 -0.546598 -0.203089 0.812395 0.001100 0.000000 0.000000 0.000000 1.000000
0.827782 0.057646 0.558080 -0.000000 -0.161860 0.976951 0.139170 0.008900 -0.537194 -0.205533 0.818033 0.001100 0.000000 0.000000 0.000000 1.000000
0.824108 0.062795 0.562942 -0.000000 -0.164324 0.977600 0.131510 0.008900 -0.542074 -0.200884 0.815967 0.001100 0.000000 0.000000 0.000000 1.000000
0.819567 0.072163 0.568421 -0.000000 -0.165847 0.979449 0.114779 0.008900 -0.548457 -0.188340 0.814692 0.001100 0.000000 0.000000 0.000000 1.000000
0.816376 0.078439 0.572170 0.000000 -0.164519 0.981270 0.100215 0.008900 -0.553592 -0.175946 0.813989 0.001100 0.000000 0.000000 0.000000 1.000000
0.814017 0.081248 0.575131 0.000000 -0.162788 0.982398 0.091621 0.008900 -0.557564 -0.168206 0.812914 0.001100 0.000000 0.000000 0.000000 1.000000
0.810577 0.086536 0.579204 0.000000 -0.165646 0.982513 0.085024 0.008900 -0.561718 -0.164862 0.810737 0.001100 0.000000 0.000000 0.000000 1.000000
0.807494 0.092097 0.582642 0.000000 -0.171929 0.981596 0.083119 0.008900 -0.564264 -0.167291 0.808467 0.001100 0.000000 0.000000 0.000000 1.000000
0.803978 0.096142 0.586836 0.000000 -0.180669 0.979687 0.087017 0.008900 -0.566549 -0.175983 0.805017 0.001100 0.000000 0.000000 0.000000 1.000000
0.800560 0.095316 0.591624 0.000000 -0.186846 0.977755 0.095306 0.008900 -0.569380 -0.186841 0.800561 0.001100 0.000000 0.000000 0.000000 1.000000
0.797920 0.091729 0.595742 0.000000 -0.191492 0.975727 0.106241 0.008900 -0.571537 -0.198851 0.796118 0.001100 0.000000 0.000000 0.000000 1.000000
0.796238 0.092564 0.597860 0.000000 -0.201231 0.972478 0.117438 0.008900 -0.570535 -0.213816 0.792952 0.001100 0.000000 0.000000 0.000000 1.000000
0.793602 0.102090 0.599811 -0.000000 -0.216977 0.968493 0.122239 0.008900 -0.568433 -0.227155 0.790749 0.001100 0.000000 0.000000 0.000000 1.000000
0.789753 0.114524 0.602639 0.000000 -0.227701 0.966959 0.114641 0.008900 -0.569598 -0.227760 0.789736 0.001100 0.000000 0.000000 0.000000 1.000000
0.788135 0.126949 0.602268 0.000000 -0.228591 0.968885 0.094910 0.008900 -0.571480 -0.212475 0.792632 0.001100 0.000000 0.000000 0.000000 1.000000
0.787598 0.139586 0.600171 0.000000 -0.228319 0.970782 0.073839 0.008900 -0.572328 -0.195186 0.796456 0.001100 0.000000 0.000000 0.000000 1.000000
0.783337 0.154429 0.602109 0.000000 -0.243584 0.967439 0.068770 0.008900 -0.571883 -0.200534 0.795447 0.001100 0.000000 0.000000 0.000000 1.000000
0.780588 0.164290 0.603069 0.000000 -0.262026 0.961977 0.077092 0.008900 -0.567473 -0.218197 0.793955 0.001100 0.000000 0.000000 0.000000 1.000000
