<?xml version="1.0" encoding="utf-8"?>
<COLLADA xmlns="http://www.collada.org/2005/11/COLLADASchema" version="1.4.1">
  <asset>
    <contributor>
      <author>Mixamo</author>
      <authoring_tool>COLLADA Mixamo exporter</authoring_tool>
      <comments/>
    </contributor>
    <created>2026-05-01T17:21:05Z</created>
    <modified>2026-05-01T17:21:05Z</modified>
    <revision/>
    <title/>
    <unit meter="0.010000"/>
    <up_axis>Y_UP</up_axis>
  </asset>
  <library_animations>
    <animation id="mixamorig_Hips-anim" name="mixamorig_Hips">
      <source id="mixamorig_Hips-Matrix-animation-input">
        <float_array id="mixamorig_Hips-Matrix-animation-input-array" count="21">

0.000000 0.033333 0.066667 0.100000 0.133333 0.166667 0.200000 0.233333 0.266667 0.300000 0.333333 0.366667 0.400000 0.433333 0.466667 0.500000
0.533333 0.566667 0.600000 0.633333 0.666667</float_array>
        <technique_common>
          <accessor source="#mixamorig_Hips-Matrix-animation-input-array" count="21">
            <param name="TIME" type="float"/>
          </accessor>
        </technique_common>
      </source>
      <source id="mixamorig_Hips-Matrix-animation-output-transform">
        <float_array id="mixamorig_Hips-Matrix-animation-output-transform-array" count="336">

0.162934 -0.338055 -0.926915 0.000141 -0.026065 0.937666 -0.346558 0.114198 0.986293 0.080626 0.143966 0.000007 0.000000 0.000000 0.000000 1.000000
0.143831 -0.350741 -0.925361 0.000075 0.001243 0.935147 -0.354257 0.114194 0.989602 0.049803 0.134939 0.000204 0.000000 0.000000 0.000000 1.000000
0.131158 -0.360747 -0.923395 -0.000299 0.049952 0.932663 -0.357273 0.115396 0.990102 0.000734 0.140346 0.000431 0.000000 0.000000 0.000000 1.000000
0.128772 -0.364794 -0.922140 -0.000878 0.096041 0.930099 -0.354531 0.117092 0.987013 -0.042910 0.154806 0.000545 0.000000 0.000000 0.000000 1.000000
0.152777 -0.360138 -0.920304 -0.001937 0.119679 0.931125 -0.344505 0.118590 0.980987 -0.057509 0.185355 0.000487 0.000000 0.000000 0.000000 1.000000
0.198293 -0.342029 -0.918529 -0.004053 0.096024 0.939409 -0.329074 0.119520 0.975428 -0.022948 0.219122 0.000325 0.000000 0.000000 0.000000 1.000000
0.248364 -0.312158 -0.916991 -0.007112 0.061640 0.949827 -0.306641 0.119609 0.966704 0.019636 0.255144 0.000264 0.000000 0.000000 0.000000 1.000000
0.273878 -0.289827 -0.917056 -0.008774 0.048421 0.956460 -0.287819 0.118935 0.960545 0.034423 0.275987 0.000484 0.000000 0.000000 0.000000 1.000000
0.279407 -0.292008 -0.914693 -0.008647 0.064560 0.956191 -0.285535 0.117464 0.958000 0.020728 0.286019 0.000958 0.000000 0.000000 0.000000 1.000000
0.273769 -0.315857 -0.908452 -0.007292 0.096172 0.948794 -0.300901 0.115568 0.956975 -0.004990 0.290127 0.001596 0.000000 0.000000 0.000000 1.000000
0.272061 -0.341826 -0.899521 -0.005863 0.124743 0.939421 -0.319259 0.114000 0.954160 -0.025351 0.298221 0.002245 0.000000 0.000000 0.000000 1.000000
0.274453 -0.345013 -0.897575 -0.004945 0.128943 0.938192 -0.321199 0.113394 0.952916 -0.027582 0.301977 0.002592 0.000000 0.000000 0.000000 1.000000
0.276544 -0.335552 -0.900515 -0.004323 0.097133 0.942021 -0.321189 0.113891 0.956080 0.001353 0.293104 0.002360 0.000000 0.000000 0.000000 1.000000
0.274360 -0.327832 -0.904020 -0.003673 0.040613 0.943206 -0.329717 0.115319 0.960769 0.053747 0.272092 0.001684 0.000000 0.000000 0.000000 1.000000
0.259776 -0.331057 -0.907148 -0.002885 -0.011888 0.938231 -0.345805 0.117195 0.965596 0.100616 0.239794 0.000901 0.000000 0.000000 0.000000 1.000000
0.236986 -0.343228 -0.908863 -0.002164 -0.027543 0.932764 -0.359435 0.118799 0.971123 0.110214 0.211598 0.000439 0.000000 0.000000 0.000000 1.000000
0.211140 -0.347605 -0.913559 -0.002262 -0.012747 0.933571 -0.358165 0.119449 0.977373 0.087268 0.192683 0.000425 0.000000 0.000000 0.000000 1.000000
0.187989 -0.340666 -0.921199 -0.002994 -0.004134 0.937638 -0.347589 0.118765 0.982163 0.069151 0.174857 0.000426 0.000000 0.000000 0.000000 1.000000
0.171471 -0.332514 -0.927379 -0.003092 -0.008385 0.940794 -0.338875 0.117231 0.985153 0.065883 0.158531 0.000287 0.000000 0.000000 0.000000 1.000000
0.163060 -0.331154 -0.929380 -0.001943 -0.019248 0.940741 -0.338580 0.115518 0.986428 0.073098 0.147023 0.000077 0.000000 0.000000 0.000000 1.000000
0.162934 -0.338055 -0.926915 0.000141 -0.026065 0.937666 -0.346558 0.114198 0.986293 0.080626 0.143966 0.000007 0.000000 0.000000 0.000000 1.000000</float_array>
        <technique_common>
          <accessor source="#mixamorig_Hips-Matrix-animation-output-transform-array" count="21" stride="16">
            <param type="float4x4"/>
          </accessor>
        </technique_common>
      </source>
      <source id="mixamorig_Hips-Interpolations">
        <Name_array id="mixamorig_Hips-Interpolations-array" count="21">
 LINEAR LINEAR LINEAR LINEAR LINEAR LINEAR LINEAR LINEAR LINEAR LINEAR LINEAR
LINEAR LINEAR LINEAR LINEAR LINEAR LINEAR LINEAR LINEAR LINEAR LINEAR</Name_array>
        <technique_common>
          <accessor source="#mixamorig_Hips-Interpolations-array" count="21">
            <param type="name"/>
          </accessor>
        </technique_common>
      </source>
      <sampler id="mixamorig_Hips-Matrix-animation-transform">
        <input semantic="INPUT" source="#mixamorig_Hips-Matrix-animation-input"/>
        <input semantic="OUTPUT" source="#mixamorig_Hips-Matrix-animation-output-transform"/>
        <input semantic="INTERPOLATION" source="#mixamorig_Hips-Interpolations"/>
      </sampler>
      <channel source="#mixamorig_Hips-Matrix-animation-transform" target="mixamorig_Hips/matrix"/>
    </animation>
    <animation id="mixamorig_Spine-anim" name="mixamorig_Spine">
      <source id="mixamorig_Spine-Matrix-animation-input">
        <float_array id="mixamorig_Spine-Matrix-animation-input-array" count="21">

0.000000 0.033333 0.066667 0.100000 0.133333 0.166667 0.200000 0.233333 0.266667 0.300000 0.333333 0.366667 0.400000 0.433333 0.466667 0.500000
0.533333 0.566667 0.600000 0.633333 0.666667</float_array>
        <technique_common>
          <accessor source="#mixamorig_Spine-Matrix-animation-input-array" count="21">
            <param name="TIME" type="float"/>
          </accessor>
        </technique_common>
      </source>
      <source id="mixamorig_Spine-Matrix-animation-output-transform">
        <float_array id="mixamorig_Spine-Matrix-animation-output-transform-array" count="336">

0.983422 0.030629 0.178725 0.000000 -0.008748 0.992497 -0.121955 0.008500 -0.181119 0.118370 0.976312 -0.000300 0.000000 0.000000 0.000000 1.000000
0.973634 0.070078 0.217086 0.000000 -0.042598 0.990758 -0.128778 0.008500 -0.224105 0.116135 0.967621 -0.000300 0.000000 0.000000 0.000000 1.000000
0.958183 0.130011 0.254915 0.000000 -0.097577 0.985886 -0.136044 0.008500 -0.269004 0.105481 0.957346 -0.000300 0.000000 0.000000 0.000000 1.000000
0.939530 0.183053 0.289440 0.000000 -0.146878 0.978865 -0.142301 0.008500 -0.309371 0.091184 0.946559 -0.000300 0.000000 0.000000 0.000000 1.000000
0.926582 0.202636 0.316834 -0.000000 -0.165125 0.976089 -0.141364 0.008500 -0.337904 0.078668 0.937887 -0.000300 0.000000 0.000000 0.000000 1.000000
0.926998 0.175860 0.331283 0.000000 -0.140654 0.981801 -0.127606 0.008500 -0.347695 0.071694 0.934863 -0.000300 0.000000 0.000000 0.000000 1.000000
0.938556 0.133494 0.318264 0.000000 -0.103086 0.988502 -0.110621 0.008500 -0.329372 0.071016 0.941526 -0.000300 0.000000 0.000000 0.000000 1.000000
0.952728 0.113705 0.281745 0.000000 -0.087130 0.990631 -0.105160 0.008500 -0.291062 0.075640 0.953709 -0.000300 0.000000 0.000000 0.000000 1.000000
0.966606 0.116273 0.228371 0.000000 -0.093026 0.989559 -0.110083 0.008500 -0.238786 0.085162 0.967331 -0.000300 0.000000 0.000000 0.000000 1.000000
0.976604 0.129237 0.171880 -0.000000 -0.109573 0.986783 -0.119383 0.008500 -0.185037 0.097757 0.977857 -0.000300 0.000000 0.000000 0.000000 1.000000
0.981978 0.136364 0.130859 0.000000 -0.119693 0.984553 -0.127785 0.008500 -0.146263 0.109819 0.983131 -0.000300 0.000000 0.000000 0.000000 1.000000
0.986183 0.125655 0.107952 0.000000 -0.111469 0.985402 -0.128679 0.008500 -0.122545 0.114868 0.985793 -0.000300 0.000000 0.000000 0.000000 1.000000
0.992092 0.089605 0.087884 0.000000 -0.079067 0.990000 -0.116826 0.008500 -0.097474 0.108953 0.989256 -0.000300 0.000000 0.000000 0.000000 1.000000
0.997257 0.036972 0.064120 -0.000000 -0.030554 0.994685 -0.098326 0.008500 -0.067415 0.096097 0.993086 -0.000300 0.000000 0.000000 0.000000 1.000000
0.999249 -0.009185 0.037643 0.000000 0.012297 0.996450 -0.083289 0.008500 -0.036745 0.083689 0.995814 -0.000300 0.000000 0.000000 0.000000 1.000000
0.999638 -0.020106 0.017873 0.000000 0.021467 0.996602 -0.079520 0.008500 -0.016214 0.079875 0.996673 -0.000300 0.000000 0.000000 0.000000 1.000000
0.999840 0.001836 0.017785 0.000000 -0.000331 0.996444 -0.084251 0.008500 -0.017877 0.084232 0.996286 -0.000300 0.000000 0.000000 0.000000 1.000000
0.998904 0.024009 0.040187 -0.000000 -0.020257 0.995617 -0.091309 0.008500 -0.042203 0.090395 0.995011 -0.000300 0.000000 0.000000 0.000000 1.000000
0.996110 0.033274 0.081594 -0.000000 -0.025012 0.994647 -0.100257 0.008500 -0.084493 0.097826 0.991610 -0.000300 0.000000 0.000000 0.000000 1.000000
0.990739 0.031369 0.132109 -0.000000 -0.016766 0.993765 -0.110230 0.008500 -0.134743 0.106994 0.985087 -0.000300 0.000000 0.000000 0.000000 1.000000
0.983422 0.030630 0.178725 0.000000 -0.008749 0.992497 -0.121955 0.008500 -0.181120 0.118370 0.976312 -0.000300 0.000000 0.000000 0.000000 1.000000</float_array>
        <technique_common>
          <accessor source="#mixamorig_Spine-Matrix-animation-output-transform-array" count="21" stride="16">
            <param type="float4x4"/>
          </accessor>
        </technique_common>
      </source>
      <source id="mixamorig_Spine-Interpolations">
        <Name_array id="mixamorig_Spine-Interpolations-array" count="21">
 LINEAR LINEAR LINEAR LINEAR LINEAR LINEAR LINEAR LINEAR LINEAR LINEAR LINEAR
LINEAR LINEAR LINEAR LINEAR LINEAR LINEAR LINEAR LINEAR LINEAR LINEAR</Name_array>
        <technique_common>
          <accessor source="#mixamorig_Spine-Interpolations-array" count="21">
            <param type="name"/>
          </accessor>
        </technique_common>
      </source>
      <sampler id="mixamorig_Spine-Matrix-animation-transform">
        <input semantic="INPUT" source="#mixamorig_Spine-Matrix-animation-input"/>
        <input semantic="OUTPUT" source="#mixamorig_Spine-Matrix-animation-output-transform"/>
        <input semantic="INTERPOLATION" source="#mixamorig_Spine-Interpolations"/>
      </sampler>
      <channel source="#mixamorig_Spine-Matrix-animation-transform" target="mixamorig_Spine/matrix"/>
    </animation>
    <animation id="mixamorig_Spine1-anim" name="mixamorig_Spine1">
      <source id="mixamorig_Spine1-Matrix-animation-input">
        <float_array id="mixamorig_Spine1-Matrix-animation-input-array" count="21">

0.000000 0.033333 0.066667 0.100000 0.133333 0.166667 0.200000 0.233333 0.266667 0.300000 0.333333 0.366667 0.400000 0.433333 0.466667 0.500000
0.533333 0.566667 0.600000 0.633333 0.666667</float_array>
        <technique_common>
          <accessor source="#mixamorig_Spine1-Matrix-animation-input-array" count="21">
            <param name="TIME" type="float"/>
          </accessor>
        </technique_common>
      </source>
      <source id="mixamorig_Spine1-Matrix-animation-output-transform">
        <float_array id="mixamorig_Spine1-Matrix-animation-output-transform-array" count="336">

0.997047 0.020953 0.073881 0.000000 -0.016416 0.997972 -0.061495 0.009900 -0.075020 0.060100 0.995369 0.000000 0.000000 0.000000 0.000000 1.000000
0.995059 0.033588 0.093435 0.000000 -0.027855 0.997687 -0.062001 0.009900 -0.095301 0.059092 0.993693 0.000000 0.000000 0.000000 0.000000 1.000000
0.992555 0.046887 0.112409 0.000000 -0.040190 0.997321 -0.061119 0.009900 -0.114973 0.056146 0.991781 0.000000 0.000000 0.000000 0.000000 1.000000
0.990229 0.056117 0.127659 0.000000 -0.048902 0.997061 -0.058971 0.009900 -0.130594 0.052152 0.990063 -0.000000 0.000000 0.000000 0.000000 1.000000
0.988842 0.058594 0.136959 0.000000 -0.051398 0.997135 -0.055501 0.009900 -0.139818 0.047843 0.989021 -0.000000 0.000000 0.000000 0.000000 1.000000
0.988696 0.055023 0.139474 0.000000 -0.048342 0.997536 -0.050850 0.009900 -0.141929 0.043532 0.988919 -0.000000 0.000000 0.000000 0.000000 1.000000
0.989601 0.050478 0.134690 0.000000 -0.044486 0.997897 -0.047134 0.009900 -0.136786 0.040652 0.989766 -0.000000 0.000000 0.000000 0.000000 1.000000
0.991348 0.048284 0.122060 -0.000000 -0.042857 0.997989 -0.046703 0.009900 -0.124069 0.041068 0.991423 0.000000 0.000000 0.000000 0.000000 1.000000
0.993568 0.047789 0.102663 -0.000000 -0.042895 0.997859 -0.049369 0.009900 -0.104803 0.044647 0.993490 0.000000 0.000000 0.000000 0.000000 1.000000
0.995617 0.047340 0.080654 0.000000 -0.043085 0.997627 -0.053711 0.009900 -0.083005 0.050001 0.995294 -0.000000 0.000000 0.000000 0.000000 1.000000
0.997034 0.045121 0.062340 0.000000 -0.041542 0.997477 -0.057575 0.009900 -0.064781 0.054814 0.996393 -0.000000 0.000000 0.000000 0.000000 1.000000
0.997965 0.039295 0.050210 0.000000 -0.036331 0.997618 -0.058636 0.009900 -0.052395 0.056693 0.997016 0.000000 0.000000 0.000000 0.000000 1.000000
0.998830 0.028331 0.039190 -0.000000 -0.026101 0.998073 -0.056290 0.009900 -0.040709 0.055201 0.997645 -0.000000 0.000000 0.000000 0.000000 1.000000
0.999504 0.015077 0.027640 0.000000 -0.013614 0.998535 -0.052363 0.009900 -0.028389 0.051961 0.998246 -0.000000 0.000000 0.000000 0.000000 1.000000
0.999853 0.004559 0.016518 0.000000 -0.003746 0.998795 -0.048927 0.009900 -0.016721 0.048858 0.998666 -0.000000 0.000000 0.000000 0.000000 1.000000
0.999955 0.002256 0.009170 0.000000 -0.001818 0.998872 -0.047441 0.009900 -0.009267 0.047423 0.998832 -0.000000 0.000000 0.000000 0.000000 1.000000
0.999914 0.007670 0.010616 0.000000 -0.007158 0.998846 -0.047498 0.009900 -0.010968 0.047418 0.998815 0.000000 0.000000 0.000000 0.000000 1.000000
0.999700 0.012995 0.020761 0.000000 -0.011970 0.998740 -0.048733 0.009900 -0.021368 0.048470 0.998596 -0.000000 0.000000 0.000000 0.000000 1.000000
0.999193 0.015859 0.036899 0.000000 -0.013943 0.998569 -0.051632 0.009900 -0.037665 0.051076 0.997984 0.000000 0.000000 0.000000 0.000000 1.000000
0.998299 0.017435 0.055637 0.000000 -0.014310 0.998324 -0.056082 0.009900 -0.056521 0.055191 0.996875 0.000000 0.000000 0.000000 0.000000 1.000000
0.997047 0.020953 0.073881 0.000000 -0.016416 0.997972 -0.061495 0.009900 -0.075020 0.060100 0.995369 0.000000 0.000000 0.000000 0.000000 1.000000</float_array>
        <technique_common>
          <accessor source="#mixamorig_Spine1-Matrix-animation-output-transform-array" count="21" stride="16">
            <param type="float4x4"/>
          </accessor>
        </technique_common>
      </source>
      <source id="mixamorig_Spine1-Interpolations">
        <Name_array id="mixamorig_Spine1-Interpolations-array" count="21">
 LINEAR LINEAR LINEAR LINEAR LINEAR LINEAR LINEAR LINEAR LINEAR LINEAR LINEAR
LINEAR LINEAR LINEAR LINEAR LINEAR LINEAR LINEAR LINEAR LINEAR LINEAR</Name_array>
        <technique_common>
          <accessor source="#mixamorig_Spine1-Interpolations-array" count="21">
            <param type="name"/>
          </accessor>
        </technique_common>
      </source>
      <sampler id="mixamorig_Spine1-Matrix-animation-transform">
        <input semantic="INPUT" source="#mixamorig_Spine1-Matrix-animation-input"/>
        <input semantic="OUTPUT" source="#mixamorig_Spine1-Matrix-animation-output-transform"/>
        <input semantic="INTERPOLATION" source="#mixamorig_Spine1-Interpolations"/>
      </sampler>
      <channel source="#mixamorig_Spine1-Matrix-animation-transform" target="mixamorig_Spine1/matrix"/>
    </animation>
    <animation id="mixamorig_Spine2-anim" name="mixamorig_Spine2">
      <source id="mixamorig_Spine2-Matrix-animation-input">
        <float_array id="mixamorig_Spine2-Matrix-animation-input-array" count="21">

0.000000 0.033333 0.066667 0.100000 0.133333 0.166667 0.200000 0.233333 0.266667 0.300000 0.333333 0.366667 0.400000 0.433333 0.466667 0.500000
0.533333 0.566667 0.600000 0.633333 0.666667</float_array>
        <technique_common>
          <accessor source="#mixamorig_Spine2-Matrix-animation-input-array" count="21">
            <param name="TIME" type="float"/>
          </accessor>
        </technique_common>
      </source>
      <source id="mixamorig_Spine2-Matrix-animation-output-transform">
        <float_array id="mixamorig_Spine2-Matrix-animation-output-transform-array" count="336">

0.997042 0.021832 0.073692 0.000000 -0.017313 0.997962 -0.061413 0.011300 -0.074883 0.059956 0.995388 0.000000 0.000000 0.000000 0.000000 1.000000
0.995049 0.034764 0.093103 0.000000 -0.029066 0.997661 -0.061870 0.011300 -0.095036 0.058857 0.993732 0.000000 0.000000 0.000000 0.000000 1.000000
0.992531 0.048199 0.112063 -0.000000 -0.041576 0.997290 -0.060702 0.011300 -0.114685 0.055589 0.991845 -0.000000 0.000000 0.000000 0.000000 1.000000
0.990186 0.057533 0.127361 0.000000 -0.050444 0.997029 -0.058206 0.011300 -0.130331 0.051211 0.990147 0.000000 0.000000 0.000000 0.000000 1.000000
0.988787 0.060235 0.136648 0.000000 -0.053201 0.997092 -0.054561 0.011300 -0.139537 0.046679 0.989116 0.000000 0.000000 0.000000 0.000000 1.000000
0.988647 0.057087 0.138993 -0.000000 -0.050554 0.997465 -0.050087 0.011300 -0.141499 0.042492 0.989026 0.000000 0.000000 0.000000 0.000000 1.000000
0.989572 0.052884 0.133979 -0.000000 -0.046995 0.997801 -0.046749 0.011300 -0.136157 0.039965 0.989881 -0.000000 0.000000 0.000000 0.000000 1.000000
0.991327 0.050604 0.121281 0.000000 -0.045246 0.997891 -0.046537 0.011300 -0.123380 0.040646 0.991527 0.000000 0.000000 0.000000 0.000000 1.000000
0.993546 0.049641 0.101994 0.000000 -0.044802 0.997784 -0.049200 0.011300 -0.104211 0.044313 0.993568 -0.000000 0.000000 0.000000 0.000000 1.000000
0.995595 0.048592 0.080188 -0.000000 -0.044387 0.997585 -0.053419 0.011300 -0.082590 0.049624 0.995347 -0.000000 0.000000 0.000000 0.000000 1.000000
0.997015 0.045979 0.062032 0.000000 -0.042440 0.997460 -0.057209 0.011300 -0.064504 0.054405 0.996433 0.000000 0.000000 0.000000 0.000000 1.000000
0.997947 0.039984 0.050032 0.000000 -0.037047 0.997611 -0.058303 0.011300 -0.052244 0.056330 0.997044 0.000000 0.000000 0.000000 0.000000 1.000000
0.998814 0.028836 0.039222 0.000000 -0.026615 0.998076 -0.056004 0.011300 -0.040761 0.054894 0.997660 -0.000000 0.000000 0.000000 0.000000 1.000000
0.999492 0.015370 0.027904 -0.000000 -0.013900 0.998544 -0.052131 0.011300 -0.028665 0.051716 0.998250 0.000000 0.000000 0.000000 0.000000 1.000000
0.999846 0.004676 0.016939 0.000000 -0.003846 0.998803 -0.048753 0.011300 -0.017147 0.048681 0.998667 -0.000000 0.000000 0.000000 0.000000 1.000000
0.999951 0.002324 0.009579 0.000000 -0.001868 0.998878 -0.047324 0.011300 -0.009678 0.047304 0.998834 0.000000 0.000000 0.000000 0.000000 1.000000
0.999910 0.007794 0.010888 -0.000000 -0.007270 0.998850 -0.047395 0.011300 -0.011245 0.047311 0.998817 0.000000 0.000000 0.000000 0.000000 1.000000
0.999694 0.013208 0.020901 -0.000000 -0.012179 0.998744 -0.048603 0.011300 -0.021517 0.048334 0.998599 0.000000 0.000000 0.000000 0.000000 1.000000
0.999186 0.016211 0.036936 -0.000000 -0.014298 0.998572 -0.051473 0.011300 -0.037718 0.050903 0.997991 -0.000000 0.000000 0.000000 0.000000 1.000000
0.998292 0.018003 0.055578 -0.000000 -0.014889 0.998324 -0.055932 0.011300 -0.056492 0.055009 0.996886 -0.000000 0.000000 0.000000 0.000000 1.000000
0.997042 0.021831 0.073692 0.000000 -0.017312 0.997962 -0.061413 0.011300 -0.074883 0.059956 0.995388 0.000000 0.000000 0.000000 0.000000 1.000000</float_array>
        <technique_common>
          <accessor source="#mixamorig_Spine2-Matrix-animation-output-transform-array" count="21" stride="16">
            <param type="float4x4"/>
          </accessor>
        </technique_common>
      </source>
      <source id="mixamorig_Spine2-Interpolations">
        <Name_array id="mixamorig_Spine2-Interpolations-array" count="21">
 LINEAR LINEAR LINEAR LINEAR LINEAR LINEAR LINEAR LINEAR LINEAR LINEAR LINEAR
LINEAR LINEAR LINEAR LINEAR LINEAR LINEAR LINEAR LINEAR LINEAR LINEAR</Name_array>
        <technique_common>
          <accessor source="#mixamorig_Spine2-Interpolations-array" count="21">
            <param type="name"/>
          </accessor>
        </technique_common>
      </source>
      <sampler id="mixamorig_Spine2-Matrix-animation-transform">
        <input semantic="INPUT" source="#mixamorig_Spine2-Matrix-animation-input"/>
        <input semantic="OUTPUT" source="#mixamorig_Spine2-Matrix-animation-output-transform"/>
        <input semantic="INTERPOLATION" source="#mixamorig_Spine2-Interpolations"/>
      </sampler>
      <channel source="#mixamorig_Spine2-Matrix-animation-transform" target="mixamorig_Spine2/matrix"/>
    </animation>
    <animation id="mixamorig_Neck-anim" name="mixamorig_Neck">
      <source id="mixamorig_Neck-Matrix-animation-input">
        <float_array id="mixamorig_Neck-Matrix-animation-input-array" count="21">

0.000000 0.033333 0.066667 0.100000 0.133333 0.166667 0.200000 0.233333 0.266667 0.300000 0.333333 0.366667 0.400000 0.433333 0.466667 0.500000
0.533333 0.566667 0.600000 0.633333 0.666667</float_array>
        <technique_common>
          <accessor source="#mixamorig_Neck-Matrix-animation-input-array" count="21">
            <param name="TIME" type="float"/>
          </accessor>
        </technique_common>
      </source>
      <source id="mixamorig_Neck-Matrix-animation-output-transform">
        <float_array id="mixamorig_Neck-Matrix-animation-output-transform-array" count="336">

0.991883 -0.029422 0.123702 -0.000000 0.028354 0.999544 0.010383 0.012700 -0.123951 -0.006791 0.992265 0.000000 0.000000 0.000000 0.000000 1.000000
0.993283 -0.043110 0.107383 -0.000000 0.042348 0.999059 0.009369 0.012700 -0.107686 -0.004759 0.994174 0.000000 0.000000 0.000000 0.000000 1.000000
0.994485 -0.055448 0.089024 0.000000 0.055762 0.998444 -0.001042 0.012700 -0.088828 0.006000 0.996029 -0.000000 0.000000 0.000000 0.000000 1.000000
0.995464 -0.062763 0.071494 0.000000 0.064224 0.997767 -0.018317 0.012700 -0.070185 0.022826 0.997273 0.000000 0.000000 0.000000 0.000000 1.000000
0.996189 -0.065244 0.057884 0.000000 0.067443 0.997041 -0.036881 0.012700 -0.055307 0.040645 0.997642 -0.000000 0.000000 0.000000 0.000000 1.000000
0.996443 -0.066951 0.051184 0.000000 0.069530 0.996307 -0.050386 0.012700 -0.047621 0.053765 0.997417 0.000000 0.000000 0.000000 0.000000 1.000000
0.995967 -0.071031 0.054813 -0.000000 0.073901 0.995896 -0.052251 0.012700 -0.050877 0.056091 0.997129 0.000000 0.000000 0.000000 0.000000 1.000000
0.995176 -0.069489 0.069248 0.000000 0.072533 0.996462 -0.042454 0.012700 -0.066053 0.047272 0.996696 0.000000 0.000000 0.000000 0.000000 1.000000
0.994184 -0.059411 0.089822 0.000000 0.062086 0.997698 -0.027284 0.012700 -0.087994 0.032702 0.995584 0.000000 0.000000 0.000000 0.000000 1.000000
0.992942 -0.045302 0.109611 0.000000 0.047176 0.998780 -0.014560 0.012700 -0.108818 0.019629 0.993868 -0.000000 0.000000 0.000000 0.000000 1.000000
0.991942 -0.036871 0.121209 -0.000000 0.038407 0.999208 -0.010368 0.012700 -0.120730 0.014939 0.992573 0.000000 0.000000 0.000000 0.000000 1.000000
0.991138 -0.036737 0.127655 0.000000 0.038828 0.999149 -0.013931 0.012700 -0.127034 0.018764 0.991721 0.000000 0.000000 0.000000 0.000000 1.000000
0.989813 -0.033568 0.138359 -0.000000 0.036379 0.999179 -0.017837 0.012700 -0.137646 0.022688 0.990222 0.000000 0.000000 0.000000 0.000000 1.000000
0.987782 -0.025263 0.153779 0.000000 0.028090 0.999473 -0.016239 0.012700 -0.153287 0.020360 0.987972 0.000000 0.000000 0.000000 0.000000 1.000000
0.985296 -0.015158 0.170182 -0.000000 0.016782 0.999826 -0.008105 0.012700 -0.170030 0.010842 0.985379 0.000000 0.000000 0.000000 0.000000 1.000000
0.983453 -0.009645 0.180905 0.000000 0.009317 0.999953 0.002667 0.012700 -0.180923 -0.000937 0.983497 -0.000000 0.000000 0.000000 0.000000 1.000000
0.983593 -0.010652 0.180086 -0.000000 0.009711 0.999934 0.006108 0.012700 -0.180139 -0.004259 0.983632 0.000000 0.000000 0.000000 0.000000 1.000000
0.985358 -0.014116 0.169912 0.000000 0.013930 0.999900 0.002284 0.012700 -0.169927 0.000117 0.985457 -0.000000 0.000000 0.000000 0.000000 1.000000
0.987799 -0.018499 0.154631 0.000000 0.018950 0.999819 -0.001444 0.012700 -0.154577 0.004357 0.987971 0.000000 0.000000 0.000000 0.000000 1.000000
0.990112 -0.023450 0.138305 -0.000000 0.023574 0.999722 0.000737 0.012700 -0.138284 0.002531 0.990389 -0.000000 0.000000 0.000000 0.000000 1.000000
0.991883 -0.029422 0.123702 0.000000 0.028354 0.999544 0.010383 0.012700 -0.123951 -0.006791 0.992265 0.000000 0.000000 0.000000 0.000000 1.000000</float_array>
        <technique_common>
          <accessor source="#mixamorig_Neck-Matrix-animation-output-transform-array" count="21" stride="16">
            <param type="float4x4"/>
          </accessor>
        </technique_common>
      </source>
      <source id="mixamorig_Neck-Interpolations">
        <Name_array id="mixamorig_Neck-Interpolations-array" count="21">
 LINEAR LINEAR LINEAR LINEAR LINEAR LINEAR LINEAR LINEAR LINEAR LINEAR LINEAR
LINEAR LINEAR LINEAR LINEAR LINEAR LINEAR LINEAR LINEAR LINEAR LINEAR</Name_array>
        <technique_common>
          <accessor source="#mixamorig_Neck-Interpolations-array" count="21">
            <param type="name"/>
          </accessor>
        </technique_common>
      </source>
      <sampler id="mixamorig_Neck-Matrix-animation-transform">
        <input semantic="INPUT" source="#mixamorig_Neck-Matrix-animation-input"/>
        <input semantic="OUTPUT" source="#mixamorig_Neck-Matrix-animation-output-transform"/>
        <input semantic="INTERPOLATION" source="#mixamorig_Neck-Interpolations"/>
      </sampler>
      <channel source="#mixamorig_Neck-Matrix-animation-transform" target="mixamorig_Neck/matrix"/>
    </animation>
    <animation id="mixamorig_Head-anim" name="mixamorig_Head">
      <source id="mixamorig_Head-Matrix-animation-input">
        <float_array id="mixamorig_Head-Matrix-animation-input-array" count="21">

0.000000 0.033333 0.066667 0.100000 0.133333 0.166667 0.200000 0.233333 0.266667 0.300000 0.333333 0.366667 0.400000 0.433333 0.466667 0.500000
0.533333 0.566667 0.600000 0.633333 0.666667</float_array>
        <technique_common>
          <accessor source="#mixamorig_Head-Matrix-animation-input-array" count="21">
            <param name="TIME" type="float"/>
          </accessor>
        </technique_common>
      </source>
      <source id="mixamorig_Head-Matrix-animation-output-transform">
        <float_array id="mixamorig_Head-Matrix-animation-output-transform-array" count="336">

0.619056 0.210529 0.756602 0.000000 -0.500839 0.847900 0.173856 0.008900 -0.604921 -0.486563 0.630339 0.001100 0.000000 0.000000 0.000000 1.000000
0.654207 0.210783 0.726350 0.000000 -0.483442 0.855109 0.187278 0.008900 -0.581633 -0.473666 0.661319 0.001100 0.000000 0.000000 0.000000 1.000000
0.694258 0.210379 0.688292 -0.000000 -0.458720 0.866258 0.197922 0.008900 -0.554600 -0.453142 0.697912 0.001100 0.000000 0.000000 0.000000 1.000000
0.731393 0.215324 0.647070 0.000000 -0.435611 0.877553 0.200357 0.008900 -0.524697 -0.428411 0.735634 0.001100 0.000000 0.000000 0.000000 1.000000
0.758356 0.226549 0.611205 -0.000000 -0.419759 0.887094 0.192009 0.008900 -0.498696 -0.402169 0.767829 0.001100 0.000000 0.000000 0.000000 1.000000
0.770376 0.237737 0.591610 -0.000000 -0.409642 0.895590 0.173531 0.008900 -0.488585 -0.376032 0.787327 0.001100 0.000000 0.000000 0.000000 1.000000
0.764909 0.234250 0.600034 0.000000 -0.397897 0.904385 0.154162 0.008900 -0.506549 -0.356671 0.784980 0.001100 0.000000 0.000000 0.000000 1.000000
0.742352 0.217210 0.633824 0.000000 -0.392999 0.907329 0.149352 0.008900 -0.542646 -0.359964 0.758921 0.001100 0.000000 0.000000 0.000000 1.000000
0.708916 0.197516 0.677071 0.000000 -0.406142 0.899166 0.162938 0.008900 -0.576617 -0.390496 0.717653 0.001100 0.000000 0.000000 0.000000 1.000000
0.676067 0.182778 0.713811 0.000000 -0.434698 0.881141 0.186088 0.008900 -0.594955 -0.436100 0.675163 0.001100 0.000000 0.000000 0.000000 1.000000
0.655845 0.179129 0.733334 0.000000 -0.463480 0.862337 0.203866 0.008900 -0.595863 -0.473590 0.648583 0.001100 0.000000 0.000000 0.000000 1.000000
0.640429 0.181535 0.746255 -0.000000 -0.470122 0.861016 0.194001 0.008900 -0.607319 -0.475075 0.636763 0.001100 0.000000 0.000000 0.000000 1.000000
0.607799 0.188432 0.771410 0.000000 -0.465450 0.871605 0.153824 0.008900 -0.643379 -0.452547 0.617467 0.001100 0.000000 0.000000 0.000000 1.000000
0.559151 0.196926 0.805339 0.000000 -0.461890 0.880659 0.105349 0.008900 -0.688482 -0.430884 0.583379 0.001100 0.000000 0.000000 0.000000 1.000000
0.510437 0.199146 0.836537 -0.000000 -0.463013 0.883405 0.072217 0.008900 -0.724619 -0.424190 0.543130 0.001100 0.000000 0.000000 0.000000 1.000000
0.485761 0.187272 0.853795 -0.000000 -0.467035 0.881268 0.072419 0.008900 -0.738860 -0.433931 0.515548 0.001100 0.000000 0.000000 0.000000 1.000000
0.498918 0.169543 0.849903 0.000000 -0.464081 0.880489 0.096785 0.008900 -0.731921 -0.442712 0.517974 0.001100 0.000000 0.000000 0.000000 1.000000
0.530750 0.163869 0.831536 0.000000 -0.461619 0.878722 0.121473 0.008900 -0.710783 -0.448324 0.542027 0.001100 0.000000 0.000000 0.000000 1.000000
0.565730 0.173299 0.806174 -0.000000 -0.467721 0.872616 0.140640 0.008900 -0.679107 -0.456628 0.574721 0.001100 0.000000 0.000000 0.000000 1.000000
0.595226 0.192398 0.780185 0.000000 -0.483451 0.861279 0.156442 0.008900 -0.641858 -0.470300 0.605671 0.001100 0.000000 0.000000 0.000000 1.000000
0.619057 0.210529 0.756602 0.000000 -0.500839 0.847900 0.173857 0.008900 -0.604921 -0.486563 0.630339 0.001100 0.000000 0.000000 0.000000 1.000000</float_array>
        <technique_common>
          <accessor source="#mixamorig_Head-Matrix-animation-output-transform-array" count="21" stride="16">
            <param type="float4x4"/>
          </accessor>
        </technique_common>
      </source>
      <source id="mixamorig_Head-Interpolations">
        <Name_array id="mixamorig_Head-Interpolations-array" count="21">
 LINEAR LINEAR LINEAR LINEAR LINEAR LINEAR LINEAR LINEAR LINEAR LINEAR LINEAR
LINEAR LINEAR LINEAR LINEAR LINEAR LINEAR LINEAR LINEAR LINEAR LINEAR</Name_array>
        <technique_common>
          <accessor source="#mixamorig_Head-Interpolations-array" count="21">
            <param type="name"/>
          </accessor>
        </technique_common>
      </source>
      <sampler id="mixamorig_Head-Matrix-animation-transform">
        <input semantic="INPUT" source="#mixamorig_Head-Matrix-animation-input"/>
        <input semantic="OUTPUT" source="#mixamorig_Head-Matrix-animation-output-transform"/>
        <input semantic="INTERPOLATION" source="#mixamorig_Head-Interpolations"/>
      </sampler>
      <channel source="#mixamorig_Head-Matrix-animation-transform" target="mixamorig_Head/matrix"/>
    </animation>
    <animation id="mixamorig_LeftShoulder-anim" name="mixamorig_LeftShoulder">
      <source id="mixamorig_LeftShoulder-Matrix-animation-input">
        <float_array id="mixamorig_LeftShoulder-Matrix-animation-input-array" count="21">

0.000000 0.033333 0.066667 0.100000 0.133333 0.166667 0.200000 0.233333 0.266667 0.300000 0.333333 0.366667 0.400000 0.433333 0.466667 0.500000
0.533333 0.566667 0.600000 0.633333 0.666667</float_array>
        <technique_common>
          <accessor source="#mixamorig_LeftShoulder-Matrix-animation-input-array" count="21">
            <param name="TIME" type="float"/>
          </accessor>
        </technique_common>
      </source>
      <source id="mixamorig_LeftShoulder-Matrix-animation-output-transform">
        <float_array id="mixamorig_LeftShoulder-Matrix-animation-output-transform-array" count="336">

-0.053740 0.926575 -0.372252 0.005200 0.014095 -0.372049 -0.928106 0.011800 -0.998456 -0.055123 0.006934 -0.000100 0.000000 0.000000 0.000000 1.000000
-0.106568 0.932102 -0.346163 0.005200 0.013378 -0.346770 -0.937855 0.011800 -0.994215 -0.104576 0.024485 -0.000100 0.000000 0.000000 0.000000 1.000000
-0.160233 0.943932 -0.288648 0.005200 0.005768 -0.291526 -0.956546 0.011800 -0.987062 -0.154935 0.041268 -0.000100 0.000000 0.000000 0.000000 1.000000
-0.198638 0.957429 -0.209460 0.005200 -0.008925 -0.215477 -0.976468 0.011800 -0.980032 -0.192094 0.051347 -0.000100 0.000000 0.000000 0.000000 1.000000
-0.212656 0.968316 -0.130924 0.005200 -0.025616 -0.139467 -0.989895 0.011800 -0.976791 -0.207154 0.054463 -0.000100 0.000000 0.000000 0.000000 1.000000
-0.204003 0.975724 -0.079664 0.005200 -0.035827 -0.088761 -0.995408 0.011800 -0.978315 -0.200212 0.053064 -0.000100 0.000000 0.000000 0.000000 1.000000
-0.186486 0.979468 -0.076585 0.005200 -0.035715 -0.084659 -0.995770 0.011800 -0.981808 -0.182962 0.050770 -0.000100 0.000000 0.000000 0.000000 1.000000
-0.166061 0.977990 -0.126334 0.005200 -0.025757 -0.132370 -0.990866 0.011800 -0.985779 -0.161290 0.047172 -0.000100 0.000000 0.000000 0.000000 1.000000
-0.129999 0.965863 -0.224074 0.005200 -0.007657 -0.226963 -0.973873 0.011800 -0.991485 -0.124886 0.036900 -0.000100 0.000000 0.000000 0.000000 1.000000
-0.069380 0.937448 -0.341142 0.005200 0.010307 -0.341274 -0.939907 0.011800 -0.997537 -0.068727 0.014015 -0.000100 0.000000 0.000000 0.000000 1.000000
0.012936 0.901753 -0.432059 0.005200 0.015956 -0.432226 -0.901624 0.011800 -0.999789 0.004769 -0.019980 -0.000100 0.000000 0.000000 0.000000 1.000000
0.080705 0.885242 -0.458076 0.005200 0.011386 -0.460364 -0.887657 0.011800 -0.996673 0.066423 -0.047233 -0.000100 0.000000 0.000000 0.000000 1.000000
0.108758 0.891729 -0.439308 0.005200 0.010070 -0.442895 -0.896517 0.011800 -0.994017 0.093079 -0.057148 -0.000100 0.000000 0.000000 0.000000 1.000000
0.097092 0.910328 -0.402338 0.005200 0.011200 -0.405221 -0.914150 0.011800 -0.995212 0.084251 -0.049539 -0.000100 0.000000 0.000000 0.000000 1.000000
0.059675 0.927600 -0.368778 0.005200 0.012352 -0.370094 -0.928912 0.011800 -0.998141 0.050877 -0.033543 -0.000100 0.000000 0.000000 0.000000 1.000000
0.020071 0.935356 -0.353139 0.005200 0.011885 -0.353408 -0.935394 0.011800 -0.999728 0.014577 -0.018210 -0.000100 0.000000 0.000000 0.000000 1.000000
-0.000330 0.934860 -0.355017 0.005200 0.012211 -0.354987 -0.934792 0.011800 -0.999925 -0.004643 -0.011298 -0.000100 0.000000 0.000000 0.000000 1.000000
-0.005615 0.932130 -0.362082 0.005200 0.012823 -0.361990 -0.932094 0.011800 -0.999902 -0.009877 -0.009920 -0.000100 0.000000 0.000000 0.000000 1.000000
-0.009696 0.929607 -0.368425 0.005200 0.013286 -0.368290 -0.929616 0.011800 -0.999865 -0.013909 -0.008780 -0.000100 0.000000 0.000000 0.000000 1.000000
-0.024223 0.928054 -0.371656 0.005200 0.013590 -0.371425 -0.928363 0.011800 -0.999614 -0.027538 -0.003615 -0.000100 0.000000 0.000000 0.000000 1.000000
-0.053740 0.926575 -0.372250 0.005200 0.014095 -0.372048 -0.928107 0.011800 -0.998456 -0.055123 0.006934 -0.000100 0.000000 0.000000 0.000000 1.000000</float_array>
        <technique_common>
          <accessor source="#mixamorig_LeftShoulder-Matrix-animation-output-transform-array" count="21" stride="16">
            <param type="float4x4"/>
          </accessor>
        </technique_common>
      </source>
      <source id="mixamorig_LeftShoulder-Interpolations">
        <Name_array id="mixamorig_LeftShoulder-Interpolations-array" count="21">
 LINEAR LINEAR LINEAR LINEAR LINEAR LINEAR LINEAR LINEAR LINEAR LINEAR LINEAR
LINEAR LINEAR LINEAR LINEAR LINEAR LINEAR LINEAR LINEAR LINEAR LINEAR</Name_array>
        <technique_common>
          <accessor source="#mixamorig_LeftShoulder-Interpolations-array" count="21">
            <param type="name"/>
          </accessor>
        </technique_common>
      </source>
      <sampler id="mixamorig_LeftShoulder-Matrix-animation-transform">
        <input semantic="INPUT" source="#mixamorig_LeftShoulder-Matrix-animation-input"/>
        <input semantic="OUTPUT" source="#mixamorig_LeftShoulder-Matrix-animation-output-transform"/>
        <input semantic="INTERPOLATION" source="#mixamorig_LeftShoulder-Interpolations"/>
      </sampler>
      <channel source="#mixamorig_LeftShoulder-Matrix-animation-transform" target="mixamorig_LeftShoulder/matrix"/>
    </animation>
    <animation id="mixamorig_LeftArm-anim" name="mixamorig_LeftArm">
      <source id="mixamorig_LeftArm-Matrix-animation-input">
        <float_array id="mixamorig_LeftArm-Matrix-animation-input-array" count="21">

0.000000 0.033333 0.066667 0.100000 0.133333 0.166667 0.200000 0.233333 0.266667 0.300000 0.333333 0.366667 0.400000 0.433333 0.466667 0.500000
0.533333 0.566667 0.600000 0.633333 0.666667</float_array>
        <technique_common>
          <accessor source="#mixamorig_LeftArm-Matrix-animation-input-array" count="21">
            <param name="TIME" type="float"/>
          </accessor>
        </technique_common>
      </source>
      <source id="mixamorig_LeftArm-Matrix-animation-output-transform">
        <float_array id="mixamorig_LeftArm-Matrix-animation-output-transform-array" count="336">

0.973908 0.094610 0.206282 0.000000 0.044781 0.810971 -0.583370 0.010700 -0.222481 0.577387 0.785574 0.000000 0.000000 0.000000 0.000000 1.000000
0.953626 0.225028 0.199898 0.000000 -0.052826 0.778947 -0.624861 0.010700 -0.296321 0.585325 0.754711 0.000000 0.000000 0.000000 0.000000 1.000000
0.906165 0.369429 0.205879 0.000000 -0.147857 0.732812 -0.664172 0.010700 -0.396235 0.571410 0.718672 0.000000 0.000000 0.000000 0.000000 1.000000
0.838202 0.503101 0.210491 0.000000 -0.228006 0.673900 -0.702760 0.010700 -0.495409 0.541062 0.679574 0.000000 0.000000 0.000000 0.000000 1.000000
0.772405 0.601580 0.203696 0.000000 -0.285346 0.615214 -0.734907 0.010700 -0.567423 0.509522 0.646853 0.000000 0.000000 0.000000 0.000000 1.000000
0.735117 0.652004 0.185727 -0.000000 -0.320323 0.575498 -0.752460 0.010700 -0.597492 0.493653 0.631910 0.000000 0.000000 0.000000 0.000000 1.000000
0.735174 0.658243 0.161973 -0.000000 -0.331828 0.557807 -0.760750 0.010700 -0.591108 0.505537 0.628509 0.000000 0.000000 0.000000 0.000000 1.000000
0.764475 0.630796 0.132950 0.000000 -0.331189 0.561240 -0.758501 0.010700 -0.553076 0.535823 0.637966 -0.000000 0.000000 0.000000 0.000000 1.000000
0.821996 0.558314 0.112285 0.000000 -0.313097 0.607742 -0.729808 0.010700 -0.475702 0.564743 0.674368 -0.000000 0.000000 0.000000 0.000000 1.000000
0.895708 0.430736 0.110334 -0.000000 -0.254759 0.700519 -0.666612 0.010700 -0.364424 0.568981 0.737194 -0.000000 0.000000 0.000000 0.000000 1.000000
0.960725 0.244319 0.131588 0.000000 -0.126661 0.807986 -0.575427 0.010700 -0.246909 0.536160 0.807198 -0.000000 0.000000 0.000000 0.000000 1.000000
0.983485 0.033726 0.177821 0.000000 0.056687 0.875654 -0.479600 0.010700 -0.171884 0.481760 0.859281 -0.000000 0.000000 0.000000 0.000000 1.000000
0.965795 -0.135750 0.220936 0.000000 0.215259 0.894779 -0.391196 0.010700 -0.144584 0.425373 0.893394 0.000000 0.000000 0.000000 0.000000 1.000000
0.938197 -0.252137 0.237094 0.000000 0.319983 0.892971 -0.316565 0.010700 -0.131901 0.372866 0.918462 0.000000 0.000000 0.000000 0.000000 1.000000
0.921333 -0.321784 0.218177 0.000000 0.373637 0.887958 -0.268189 0.010700 -0.107433 0.328610 0.938335 -0.000000 0.000000 0.000000 0.000000 1.000000
0.917439 -0.356932 0.175799 0.000000 0.392672 0.883494 -0.255436 0.010700 -0.064144 0.303378 0.950709 0.000000 0.000000 0.000000 0.000000 1.000000
0.930207 -0.332419 0.155603 0.000000 0.364743 0.884519 -0.290840 0.010700 -0.040953 0.327296 0.944034 0.000000 0.000000 0.000000 0.000000 1.000000
0.952656 -0.249754 0.173406 0.000000 0.297262 0.884903 -0.358583 0.010700 -0.063890 0.393153 0.917251 -0.000000 0.000000 0.000000 0.000000 1.000000
