<?xml version="1.0" encoding="utf-8"?>
<COLLADA xmlns="http://www.collada.org/2005/11/COLLADASchema" version="1.4.1">
  <asset>
    <contributor>
      <author>Mixamo</author>
      <authoring_tool>COLLADA Mixamo exporter</authoring_tool>
      <comments/>
    </contributor>
    <created>2026-05-01T17:14:04Z</created>
    <modified>2026-05-01T17:14:04Z</modified>
    <revision/>
    <title/>
    <unit meter="0.010000"/>
    <up_axis>Y_UP</up_axis>
  </asset>
  <library_animations>
    <animation id="mixamorig_Hips-anim" name="mixamorig_Hips">
      <source id="mixamorig_Hips-Matrix-animation-input">
        <float_array id="mixamorig_Hips-Matrix-animation-input-array" count="181">

0.000000 0.033333 0.066667 0.100000 0.133333 0.166667 0.200000 0.233333 0.266667 0.300000 0.333333 0.366667 0.400000 0.433333 0.466667 0.500000
0.533333 0.566667 0.600000 0.633333 0.666667 0.700000 0.733333 0.766667 0.800000 0.833333 0.866667 0.900000 0.933333 0.966667 1.000000 1.033333
1.066667 1.100000 1.133333 1.166667 1.200000 1.233333 1.266667 1.300000 1.333333 1.366667 1.400000 1.433333 1.466667 1.500000 1.533333 1.566667
1.600000 1.633333 1.666667 1.700000 1.733333 1.766667 1.800000 1.833333 1.866667 1.900000 1.933333 1.966667 2.000000 2.033333 2.066667 2.100000
2.133333 2.166667 2.200000 2.233333 2.266667 2.300000 2.333333 2.366667 2.400000 2.433333 2.466667 2.500000 2.533333 2.566667 2.600000 2.633333
2.666667 2.700000 2.733333 2.766667 2.800000 2.833333 2.866667 2.900000 2.933333 2.966667 3.000000 3.033333 3.066667 3.100000 3.133333 3.166667
3.200000 3.233333 3.266667 3.300000 3.333333 3.366667 3.400000 3.433333 3.466667 3.500000 3.533333 3.566667 3.600000 3.633333 3.666667 3.700000
3.733333 3.766667 3.800000 3.833333 3.866667 3.900000 3.933333 3.966667 4.000000 4.033333 4.066667 4.100000 4.133333 4.166667 4.200000 4.233333
4.266667 4.300000 4.333333 4.366667 4.400000 4.433333 4.466667 4.500000 4.533333 4.566667 4.600000 4.633333 4.666667 4.700000 4.733333 4.766667
4.800000 4.833333 4.866667 4.900000 4.933333 4.966667 5.000000 5.033333 5.066667 5.100000 5.133333 5.166667 5.200000 5.233333 5.266667 5.300000
5.333333 5.366667 5.400000 5.433333 5.466667 5.500000 5.533333 5.566667 5.600000 5.633333 5.666667 5.700000 5.733333 5.766667 5.800000 5.833333
5.866667 5.900000 5.933333 5.966667 6.000000</float_array>
        <technique_common>
          <accessor source="#mixamorig_Hips-Matrix-animation-input-array" count="181">
            <param name="TIME" type="float"/>
          </accessor>
        </technique_common>
      </source>
      <source id="mixamorig_Hips-Matrix-animation-output-transform">
        <float_array id="mixamorig_Hips-Matrix-animation-output-transform-array" count="2896">

0.995439 0.049992 -0.081248 0.005816 -0.049048 0.998704 0.013571 0.128114 0.081821 -0.009524 0.996602 -0.000260 0.000000 0.000000 0.000000 1.000000
0.995409 0.049801 -0.081741 0.005820 -0.048860 0.998715 0.013479 0.128114 0.082307 -0.009423 0.996562 -0.000264 0.000000 0.000000 0.000000 1.000000
0.995382 0.049746 -0.082099 0.005823 -0.048804 0.998718 0.013441 0.128114 0.082663 -0.009372 0.996534 -0.000266 0.000000 0.000000 0.000000 1.000000
0.995367 0.049747 -0.082280 0.005826 -0.048804 0.998718 0.013426 0.128114 0.082842 -0.009348 0.996519 -0.000266 0.000000 0.000000 0.000000 1.000000
0.995363 0.049748 -0.082328 0.005830 -0.048809 0.998718 0.013383 0.128114 0.082889 -0.009303 0.996515 -0.000266 0.000000 0.000000 0.000000 1.000000
0.995361 0.049746 -0.082356 0.005836 -0.048815 0.998720 0.013275 0.128114 0.082911 -0.009193 0.996515 -0.000266 0.000000 0.000000 0.000000 1.000000
0.995359 0.049726 -0.082392 0.005842 -0.048805 0.998722 0.013150 0.128114 0.082941 -0.009068 0.996513 -0.000265 0.000000 0.000000 0.000000 1.000000
0.995356 0.049704 -0.082435 0.005849 -0.048786 0.998723 0.013109 0.128114 0.082982 -0.009026 0.996510 -0.000264 0.000000 0.000000 0.000000 1.000000
0.995349 0.049708 -0.082525 0.005857 -0.048787 0.998723 0.013138 0.128114 0.083073 -0.009051 0.996502 -0.000261 0.000000 0.000000 0.000000 1.000000
0.995335 0.049755 -0.082656 0.005867 -0.048829 0.998720 0.013186 0.128114 0.083206 -0.009089 0.996491 -0.000258 0.000000 0.000000 0.000000 1.000000
0.995323 0.049850 -0.082751 0.005877 -0.048922 0.998715 0.013203 0.128113 0.083302 -0.009093 0.996483 -0.000255 0.000000 0.000000 0.000000 1.000000
0.995329 0.050033 -0.082559 0.005886 -0.049100 0.998705 0.013293 0.128113 0.083117 -0.009177 0.996498 -0.000245 0.000000 0.000000 0.000000 1.000000
0.995352 0.050288 -0.082125 0.005895 -0.049344 0.998691 0.013486 0.128112 0.082696 -0.009371 0.996531 -0.000235 0.000000 0.000000 0.000000 1.000000
0.995375 0.050560 -0.081686 0.005904 -0.049603 0.998675 0.013704 0.128111 0.082270 -0.009589 0.996564 -0.000225 0.000000 0.000000 0.000000 1.000000
0.995385 0.050801 -0.081415 0.005916 -0.049833 0.998661 0.013879 0.128110 0.082011 -0.009757 0.996584 -0.000216 0.000000 0.000000 0.000000 1.000000
0.995378 0.050979 -0.081381 0.005930 -0.050003 0.998651 0.013979 0.128110 0.081984 -0.009845 0.996585 -0.000206 0.000000 0.000000 0.000000 1.000000
0.995363 0.051039 -0.081535 0.005948 -0.050059 0.998648 0.014019 0.128110 0.082140 -0.009873 0.996572 -0.000192 0.000000 0.000000 0.000000 1.000000
0.995334 0.050995 -0.081915 0.005969 -0.050009 0.998650 0.014045 0.128110 0.082521 -0.009883 0.996540 -0.000173 0.000000 0.000000 0.000000 1.000000
0.995287 0.050900 -0.082539 0.005991 -0.049905 0.998655 0.014083 0.128110 0.083145 -0.009898 0.996488 -0.000150 0.000000 0.000000 0.000000 1.000000
0.995217 0.050839 -0.083415 0.006015 -0.049827 0.998657 0.014165 0.128111 0.084023 -0.009941 0.996414 -0.000126 0.000000 0.000000 0.000000 1.000000
0.995117 0.050911 -0.084564 0.006039 -0.049873 0.998653 0.014335 0.128111 0.085180 -0.010047 0.996315 -0.000107 0.000000 0.000000 0.000000 1.000000
0.994965 0.051161 -0.086180 0.006063 -0.050079 0.998638 0.014662 0.128111 0.086813 -0.010273 0.996172 -0.000101 0.000000 0.000000 0.000000 1.000000
0.994776 0.051509 -0.088129 0.006089 -0.050375 0.998617 0.015049 0.128110 0.088783 -0.010531 0.995995 -0.000096 0.000000 0.000000 0.000000 1.000000
0.994582 0.051937 -0.090052 0.006113 -0.050757 0.998593 0.015345 0.128110 0.090722 -0.010691 0.995819 -0.000090 0.000000 0.000000 0.000000 1.000000
0.994414 0.052430 -0.091612 0.006137 -0.051223 0.998567 0.015482 0.128109 0.092292 -0.010703 0.995674 -0.000086 0.000000 0.000000 0.000000 1.000000
0.994295 0.052972 -0.092578 0.006159 -0.051754 0.998539 0.015507 0.128108 0.093265 -0.010627 0.995585 -0.000083 0.000000 0.000000 0.000000 1.000000
0.994230 0.053568 -0.092941 0.006180 -0.052341 0.998508 0.015587 0.128108 0.093637 -0.010633 0.995550 -0.000082 0.000000 0.000000 0.000000 1.000000
0.994200 0.054165 -0.092914 0.006199 -0.052925 0.998474 0.015768 0.128108 0.093626 -0.010760 0.995549 -0.000082 0.000000 0.000000 0.000000 1.000000
0.994196 0.054694 -0.092642 0.006217 -0.053436 0.998443 0.015999 0.128108 0.093373 -0.010956 0.995571 -0.000083 0.000000 0.000000 0.000000 1.000000
0.994207 0.055142 -0.092258 0.006235 -0.053869 0.998416 0.016228 0.128109 0.093006 -0.011164 0.995603 -0.000087 0.000000 0.000000 0.000000 1.000000
0.994219 0.055573 -0.091866 0.006251 -0.054289 0.998390 0.016423 0.128109 0.092631 -0.011341 0.995636 -0.000092 0.000000 0.000000 0.000000 1.000000
0.994224 0.056113 -0.091488 0.006267 -0.054822 0.998359 0.016573 0.128108 0.092268 -0.011461 0.995668 -0.000100 0.000000 0.000000 0.000000 1.000000
0.994222 0.056738 -0.091127 0.006281 -0.055447 0.998323 0.016637 0.128108 0.091918 -0.011488 0.995700 -0.000110 0.000000 0.000000 0.000000 1.000000
0.994215 0.057394 -0.090791 0.006294 -0.056108 0.998286 0.016649 0.128107 0.091591 -0.011459 0.995731 -0.000122 0.000000 0.000000 0.000000 1.000000
0.994206 0.058030 -0.090483 0.006306 -0.056749 0.998249 0.016662 0.128107 0.091292 -0.011430 0.995759 -0.000137 0.000000 0.000000 0.000000 1.000000
0.994198 0.058603 -0.090196 0.006317 -0.057323 0.998216 0.016723 0.128107 0.091015 -0.011456 0.995784 -0.000152 0.000000 0.000000 0.000000 1.000000
0.994198 0.059068 -0.089893 0.006327 -0.057786 0.998188 0.016804 0.128107 0.090723 -0.011512 0.995810 -0.000168 0.000000 0.000000 0.000000 1.000000
0.994210 0.059420 -0.089534 0.006336 -0.058138 0.998166 0.016864 0.128108 0.090372 -0.011561 0.995841 -0.000185 0.000000 0.000000 0.000000 1.000000
0.994222 0.059692 -0.089214 0.006343 -0.058411 0.998149 0.016904 0.128108 0.090058 -0.011595 0.995869 -0.000203 0.000000 0.000000 0.000000 1.000000
0.994223 0.059897 -0.089067 0.006350 -0.058616 0.998137 0.016929 0.128108 0.089915 -0.011610 0.995882 -0.000221 0.000000 0.000000 0.000000 1.000000
0.994202 0.060014 -0.089228 0.006356 -0.058731 0.998130 0.016941 0.128109 0.090078 -0.011602 0.995867 -0.000240 0.000000 0.000000 0.000000 1.000000
0.994160 0.059969 -0.089718 0.006364 -0.058680 0.998133 0.016936 0.128109 0.090566 -0.011572 0.995823 -0.000259 0.000000 0.000000 0.000000 1.000000
0.994110 0.059834 -0.090364 0.006370 -0.058540 0.998142 0.016908 0.128110 0.091208 -0.011518 0.995765 -0.000280 0.000000 0.000000 0.000000 1.000000
0.994044 0.059666 -0.091194 0.006377 -0.058366 0.998153 0.016860 0.128111 0.092032 -0.011437 0.995690 -0.000300 0.000000 0.000000 0.000000 1.000000
0.993952 0.059488 -0.092312 0.006387 -0.058180 0.998165 0.016794 0.128112 0.093142 -0.011322 0.995588 -0.000322 0.000000 0.000000 0.000000 1.000000
0.993821 0.059295 -0.093834 0.006396 -0.057977 0.998178 0.016715 0.128114 0.094654 -0.011172 0.995448 -0.000344 0.000000 0.000000 0.000000 1.000000
0.993653 0.059113 -0.095703 0.006401 -0.057779 0.998190 0.016655 0.128115 0.096514 -0.011019 0.995271 -0.000367 0.000000 0.000000 0.000000 1.000000
0.993506 0.058995 -0.097290 0.006406 -0.057640 0.998198 0.016676 0.128115 0.098099 -0.010960 0.995116 -0.000389 0.000000 0.000000 0.000000 1.000000
0.993421 0.058996 -0.098151 0.006408 -0.057618 0.998197 0.016812 0.128115 0.098965 -0.011046 0.995030 -0.000412 0.000000 0.000000 0.000000 1.000000
0.993401 0.059113 -0.098288 0.006407 -0.057711 0.998188 0.017045 0.128114 0.099118 -0.011260 0.995012 -0.000435 0.000000 0.000000 0.000000 1.000000
0.993405 0.059280 -0.098143 0.006404 -0.057854 0.998175 0.017311 0.128113 0.098990 -0.011519 0.995022 -0.000457 0.000000 0.000000 0.000000 1.000000
0.993387 0.059392 -0.098262 0.006401 -0.057944 0.998166 0.017531 0.128112 0.099123 -0.011722 0.995006 -0.000480 0.000000 0.000000 0.000000 1.000000
0.993361 0.059464 -0.098476 0.006399 -0.057993 0.998159 0.017740 0.128111 0.099350 -0.011911 0.994981 -0.000502 0.000000 0.000000 0.000000 1.000000
0.993344 0.059536 -0.098609 0.006396 -0.058039 0.998152 0.017980 0.128110 0.099497 -0.012137 0.994964 -0.000525 0.000000 0.000000 0.000000 1.000000
0.993338 0.059619 -0.098620 0.006391 -0.058095 0.998144 0.018252 0.128109 0.099525 -0.012401 0.994958 -0.000547 0.000000 0.000000 0.000000 1.000000
0.993334 0.059682 -0.098622 0.006387 -0.058134 0.998137 0.018501 0.128108 0.099543 -0.012645 0.994953 -0.000570 0.000000 0.000000 0.000000 1.000000
0.993320 0.059640 -0.098785 0.006383 -0.058078 0.998138 0.018617 0.128107 0.099711 -0.012755 0.994935 -0.000592 0.000000 0.000000 0.000000 1.000000
0.993305 0.059531 -0.098999 0.006379 -0.057965 0.998145 0.018623 0.128107 0.099924 -0.012760 0.994913 -0.000615 0.000000 0.000000 0.000000 1.000000
0.993313 0.059511 -0.098935 0.006373 -0.057941 0.998146 0.018663 0.128106 0.099862 -0.012806 0.994919 -0.000638 0.000000 0.000000 0.000000 1.000000
0.993356 0.059687 -0.098392 0.006365 -0.058106 0.998132 0.018862 0.128104 0.099334 -0.013020 0.994969 -0.000659 0.000000 0.000000 0.000000 1.000000
0.993431 0.060066 -0.097401 0.006355 -0.058459 0.998104 0.019275 0.128101 0.098374 -0.013455 0.995059 -0.000679 0.000000 0.000000 0.000000 1.000000
0.993496 0.060464 -0.096489 0.006344 -0.058824 0.998073 0.019757 0.128098 0.097498 -0.013953 0.995138 -0.000698 0.000000 0.000000 0.000000 1.000000
0.993524 0.060729 -0.096031 0.006336 -0.059063 0.998052 0.020093 0.128094 0.097065 -0.014291 0.995175 -0.000717 0.000000 0.000000 0.000000 1.000000
0.993526 0.060874 -0.095924 0.006329 -0.059193 0.998041 0.020274 0.128090 0.096970 -0.014465 0.995182 -0.000736 0.000000 0.000000 0.000000 1.000000
0.993518 0.060957 -0.095950 0.006323 -0.059265 0.998034 0.020388 0.128086 0.097004 -0.014569 0.995177 -0.000754 0.000000 0.000000 0.000000 1.000000
0.993518 0.061040 -0.095898 0.006318 -0.059332 0.998027 0.020561 0.128082 0.096964 -0.014738 0.995179 -0.000769 0.000000 0.000000 0.000000 1.000000
0.993519 0.061116 -0.095840 0.006312 -0.059386 0.998018 0.020800 0.128078 0.096921 -0.014974 0.995179 -0.000783 0.000000 0.000000 0.000000 1.000000
0.993518 0.061143 -0.095828 0.006308 -0.059395 0.998014 0.020999 0.128076 0.096921 -0.015171 0.995176 -0.000795 0.000000 0.000000 0.000000 1.000000
0.993519 0.061087 -0.095860 0.006304 -0.059328 0.998016 0.021096 0.128074 0.096959 -0.015272 0.995171 -0.000802 0.000000 0.000000 0.000000 1.000000
0.993517 0.060945 -0.095970 0.006300 -0.059185 0.998024 0.021081 0.128073 0.097065 -0.015264 0.995161 -0.000804 0.000000 0.000000 0.000000 1.000000
0.993504 0.060756 -0.096225 0.006298 -0.058999 0.998037 0.021001 0.128074 0.097313 -0.015187 0.995138 -0.000801 0.000000 0.000000 0.000000 1.000000
0.993470 0.060615 -0.096656 0.006295 -0.058856 0.998047 0.020956 0.128077 0.097737 -0.015131 0.995097 -0.000795 0.000000 0.000000 0.000000 1.000000
0.993432 0.060529 -0.097099 0.006293 -0.058761 0.998052 0.020966 0.128082 0.098179 -0.015122 0.995054 -0.000788 0.000000 0.000000 0.000000 1.000000
0.993400 0.060442 -0.097484 0.006291 -0.058668 0.998058 0.020958 0.128086 0.098561 -0.015100 0.995016 -0.000781 0.000000 0.000000 0.000000 1.000000
0.993376 0.060311 -0.097806 0.006289 -0.058540 0.998067 0.020876 0.128090 0.098876 -0.015012 0.994987 -0.000774 0.000000 0.000000 0.000000 1.000000
0.993357 0.060126 -0.098119 0.006287 -0.058367 0.998080 0.020704 0.128094 0.099175 -0.014839 0.994959 -0.000767 0.000000 0.000000 0.000000 1.000000
0.993334 0.059919 -0.098474 0.006285 -0.058174 0.998096 0.020501 0.128096 0.099515 -0.014635 0.994928 -0.000760 0.000000 0.000000 0.000000 1.000000
0.993320 0.059715 -0.098743 0.006283 -0.057982 0.998111 0.020324 0.128097 0.099770 -0.014463 0.994905 -0.000754 0.000000 0.000000 0.000000 1.000000
0.993329 0.059552 -0.098743 0.006282 -0.057831 0.998122 0.020196 0.128097 0.099760 -0.014351 0.994908 -0.000745 0.000000 0.000000 0.000000 1.000000
0.993366 0.059438 -0.098442 0.006278 -0.057731 0.998130 0.020101 0.128096 0.099452 -0.014285 0.994940 -0.000731 0.000000 0.000000 0.000000 1.000000
0.993417 0.059342 -0.097987 0.006269 -0.057652 0.998136 0.019997 0.128095 0.098992 -0.014216 0.994987 -0.000714 0.000000 0.000000 0.000000 1.000000
0.993455 0.059163 -0.097711 0.006257 -0.057493 0.998149 0.019827 0.128094 0.098703 -0.014080 0.995017 -0.000698 0.000000 0.000000 0.000000 1.000000
0.993473 0.058854 -0.097708 0.006245 -0.057203 0.998170 0.019615 0.128093 0.098684 -0.013897 0.995022 -0.000686 0.000000 0.000000 0.000000 1.000000
0.993473 0.058456 -0.097953 0.006234 -0.056822 0.998196 0.019391 0.128092 0.098910 -0.013699 0.995002 -0.000676 0.000000 0.000000 0.000000 1.000000
0.993456 0.058053 -0.098357 0.006224 -0.056431 0.998222 0.019194 0.128091 0.099297 -0.013518 0.994966 -0.000667 0.000000 0.000000 0.000000 1.000000
0.993432 0.057743 -0.098789 0.006213 -0.056128 0.998242 0.019057 0.128090 0.099715 -0.013387 0.994926 -0.000655 0.000000 0.000000 0.000000 1.000000
0.993415 0.057555 -0.099065 0.006201 -0.055943 0.998254 0.018975 0.128088 0.099984 -0.013308 0.994900 -0.000640 0.000000 0.000000 0.000000 1.000000
0.993417 0.057426 -0.099116 0.006188 -0.055827 0.998263 0.018839 0.128087 0.100026 -0.013182 0.994897 -0.000622 0.000000 0.000000 0.000000 1.000000
0.993431 0.057293 -0.099056 0.006174 -0.055724 0.998274 0.018543 0.128085 0.099947 -0.012902 0.994909 -0.000607 0.000000 0.000000 0.000000 1.000000
0.993447 0.057118 -0.098998 0.006160 -0.055598 0.998290 0.018049 0.128084 0.099860 -0.012427 0.994924 -0.000596 0.000000 0.000000 0.000000 1.000000
0.993459 0.056900 -0.098999 0.006146 -0.055445 0.998310 0.017387 0.128083 0.099821 -0.011784 0.994936 -0.000587 0.000000 0.000000 0.000000 1.000000
0.993483 0.056693 -0.098878 0.006133 -0.055318 0.998331 0.016592 0.128082 0.099654 -0.011014 0.994961 -0.000572 0.000000 0.000000 0.000000 1.000000
0.993529 0.056506 -0.098523 0.006119 -0.055232 0.998351 0.015622 0.128081 0.099243 -0.010079 0.995012 -0.000540 0.000000 0.000000 0.000000 1.000000
0.993582 0.056319 -0.098101 0.006105 -0.055151 0.998372 0.014583 0.128081 0.098763 -0.009079 0.995070 -0.000496 0.000000 0.000000 0.000000 1.000000
0.993621 0.056155 -0.097792 0.006092 -0.055078 0.998388 0.013683 0.128081 0.098402 -0.008209 0.995113 -0.000450 0.000000 0.000000 0.000000 1.000000
0.993636 0.056094 -0.097678 0.006078 -0.055069 0.998396 0.013167 0.128082 0.098259 -0.007704 0.995131 -0.000410 0.000000 0.000000 0.000000 1.000000
0.993654 0.056259 -0.097401 0.006063 -0.055242 0.998387 0.013105 0.128083 0.097981 -0.007642 0.995159 -0.000374 0.000000 0.000000 0.000000 1.000000
0.993692 0.056492 -0.096876 0.006048 -0.055471 0.998373 0.013203 0.128084 0.097465 -0.007746 0.995209 -0.000336 0.000000 0.000000 0.000000 1.000000
0.993738 0.056616 -0.096325 0.006032 -0.055599 0.998366 0.013215 0.128087 0.096916 -0.007776 0.995262 -0.000301 0.000000 0.000000 0.000000 1.000000
0.993783 0.056566 -0.095891 0.006018 -0.055570 0.998370 0.013021 0.128091 0.096472 -0.007612 0.995307 -0.000272 0.000000 0.000000 0.000000 1.000000
0.993824 0.056408 -0.095565 0.006004 -0.055449 0.998381 0.012655 0.128094 0.096125 -0.007278 0.995343 -0.000247 0.000000 0.000000 0.000000 1.000000
0.993871 0.056297 -0.095137 0.005990 -0.055376 0.998390 0.012299 0.128098 0.095677 -0.006955 0.995388 -0.000223 0.000000 0.000000 0.000000 1.000000
0.993938 0.056253 -0.094465 0.005974 -0.055356 0.998393 0.012093 0.128101 0.094993 -0.006791 0.995455 -0.000201 0.000000 0.000000 0.000000 1.000000
0.994026 0.056238 -0.093535 0.005957 -0.055354 0.998394 0.012016 0.128105 0.094060 -0.006766 0.995544 -0.000177 0.000000 0.000000 0.000000 1.000000
0.994129 0.056218 -0.092452 0.005940 -0.055345 0.998395 0.011978 0.128108 0.092977 -0.006791 0.995645 -0.000151 0.000000 0.000000 0.000000 1.000000
0.994228 0.056171 -0.091405 0.005923 -0.055317 0.998398 0.011857 0.128110 0.091925 -0.006732 0.995743 -0.000124 0.000000 0.000000 0.000000 1.000000
0.994316 0.056088 -0.090493 0.005905 -0.055265 0.998405 0.011572 0.128113 0.090998 -0.006505 0.995830 -0.000103 0.000000 0.000000 0.000000 1.000000
0.994400 0.055982 -0.089635 0.005888 -0.055200 0.998413 0.011184 0.128114 0.090119 -0.006174 0.995912 -0.000088 0.000000 0.000000 0.000000 1.000000
0.994478 0.055870 -0.088832 0.005872 -0.055133 0.998421 0.010731 0.128116 0.089291 -0.005775 0.995989 -0.000075 0.000000 0.000000 0.000000 1.000000
0.994547 0.055755 -0.088131 0.005855 -0.055066 0.998430 0.010241 0.128117 0.088563 -0.005332 0.996056 -0.000062 0.000000 0.000000 0.000000 1.000000
0.994600 0.055633 -0.087615 0.005840 -0.054991 0.998439 0.009724 0.128119 0.088019 -0.004854 0.996107 -0.000049 0.000000 0.000000 0.000000 1.000000
0.994627 0.055494 -0.087389 0.005825 -0.054901 0.998450 0.009171 0.128121 0.087762 -0.004324 0.996132 -0.000038 0.000000 0.000000 0.000000 1.000000
0.994642 0.055338 -0.087318 0.005811 -0.054793 0.998460 0.008621 0.128123 0.087661 -0.003791 0.996143 -0.000029 0.000000 0.000000 0.000000 1.000000
0.994665 0.055154 -0.087179 0.005797 -0.054652 0.998472 0.008140 0.128125 0.087495 -0.003332 0.996159 -0.000019 0.000000 0.000000 0.000000 1.000000
0.994710 0.054926 -0.086808 0.005782 -0.054456 0.998486 0.007774 0.128126 0.087103 -0.003006 0.996195 -0.000005 0.000000 0.000000 0.000000 1.000000
0.994784 0.054634 -0.086139 0.005759 -0.054185 0.998502 0.007545 0.128127 0.086422 -0.002839 0.996255 0.000011 0.000000 0.000000 0.000000 1.000000
0.994884 0.054260 -0.085211 0.005736 -0.053819 0.998523 0.007460 0.128127 0.085490 -0.002836 0.996335 0.000026 0.000000 0.000000 0.000000 1.000000
0.995006 0.053804 -0.084073 0.005713 -0.053364 0.998547 0.007471 0.128127 0.084353 -0.002947 0.996432 0.000043 0.000000 0.000000 0.000000 1.000000
0.995138 0.053281 -0.082840 0.005687 -0.052839 0.998575 0.007521 0.128127 0.083122 -0.003107 0.996535 0.000064 0.000000 0.000000 0.000000 1.000000
0.995257 0.052735 -0.081748 0.005655 -0.052291 0.998603 0.007561 0.128127 0.082032 -0.003251 0.996624 0.000090 0.000000 0.000000 0.000000 1.000000
0.995335 0.052229 -0.081115 0.005615 -0.051786 0.998630 0.007563 0.128127 0.081399 -0.003327 0.996676 0.000116 0.000000 0.000000 0.000000 1.000000
0.995354 0.051799 -0.081157 0.005568 -0.051355 0.998652 0.007546 0.128126 0.081438 -0.003343 0.996673 0.000136 0.000000 0.000000 0.000000 1.000000
0.995357 0.051366 -0.081398 0.005514 -0.050924 0.998674 0.007500 0.128125 0.081676 -0.003320 0.996653 0.000159 0.000000 0.000000 0.000000 1.000000
0.995375 0.050938 -0.081453 0.005452 -0.050500 0.998696 0.007437 0.128123 0.081726 -0.003289 0.996649 0.000189 0.000000 0.000000 0.000000 1.000000
0.995415 0.050581 -0.081179 0.005386 -0.050144 0.998714 0.007412 0.128121 0.081450 -0.003308 0.996672 0.000223 0.000000 0.000000 0.000000 1.000000
0.995463 0.050396 -0.080708 0.005319 -0.049953 0.998723 0.007505 0.128118 0.080983 -0.003439 0.996710 0.000253 0.000000 0.000000 0.000000 1.000000
0.995491 0.050390 -0.080371 0.005255 -0.049931 0.998723 0.007708 0.128116 0.080657 -0.003660 0.996735 0.000271 0.000000 0.000000 0.000000 1.000000
0.995501 0.050397 -0.080242 0.005196 -0.049927 0.998722 0.007854 0.128115 0.080535 -0.003812 0.996744 0.000283 0.000000 0.000000 0.000000 1.000000
0.995503 0.050306 -0.080263 0.005144 -0.049835 0.998726 0.007866 0.128113 0.080557 -0.003831 0.996743 0.000295 0.000000 0.000000 0.000000 1.000000
0.995508 0.050094 -0.080343 0.005097 -0.049631 0.998738 0.007759 0.128113 0.080630 -0.003736 0.996737 0.000307 0.000000 0.000000 0.000000 1.000000
0.995517 0.049820 -0.080400 0.005058 -0.049367 0.998752 0.007621 0.128113 0.080680 -0.003618 0.996734 0.000318 0.000000 0.000000 0.000000 1.000000
0.995522 0.049573 -0.080490 0.005027 -0.049124 0.998764 0.007547 0.128114 0.080764 -0.003560 0.996727 0.000322 0.000000 0.000000 0.000000 1.000000
0.995511 0.049363 -0.080752 0.005008 -0.048917 0.998775 0.007494 0.128114 0.081023 -0.003510 0.996706 0.000320 0.000000 0.000000 0.000000 1.000000
0.995487 0.049132 -0.081184 0.005001 -0.048694 0.998787 0.007374 0.128116 0.081448 -0.003388 0.996672 0.000313 0.000000 0.000000 0.000000 1.000000
0.995460 0.048837 -0.081700 0.005005 -0.048414 0.998802 0.007157 0.128118 0.081951 -0.003169 0.996631 0.000305 0.000000 0.000000 0.000000 1.000000
0.995440 0.048476 -0.082148 0.005013 -0.048073 0.998820 0.006885 0.128120 0.082385 -0.002904 0.996596 0.000295 0.000000 0.000000 0.000000 1.000000
0.995435 0.048138 -0.082409 0.005023 -0.047748 0.998837 0.006700 0.128123 0.082636 -0.002735 0.996576 0.000282 0.000000 0.000000 0.000000 1.000000
0.995444 0.047863 -0.082462 0.005033 -0.047476 0.998850 0.006647 0.128127 0.082685 -0.002702 0.996572 0.000266 0.000000 0.000000 0.000000 1.000000
0.995467 0.047653 -0.082313 0.005046 -0.047261 0.998860 0.006697 0.128130 0.082538 -0.002777 0.996584 0.000247 0.000000 0.000000 0.000000 1.000000
0.995498 0.047499 -0.082019 0.005060 -0.047099 0.998867 0.006803 0.128133 0.082249 -0.002909 0.996608 0.000226 0.000000 0.000000 0.000000 1.000000
0.995533 0.047385 -0.081667 0.005075 -0.046977 0.998872 0.006919 0.128135 0.081903 -0.003052 0.996636 0.000203 0.000000 0.000000 0.000000 1.000000
0.995568 0.047300 -0.081283 0.005092 -0.046880 0.998876 0.007062 0.128137 0.081526 -0.003220 0.996666 0.000180 0.000000 0.000000 0.000000 1.000000
0.995596 0.047263 -0.080961 0.005111 -0.046830 0.998877 0.007250 0.128139 0.081213 -0.003426 0.996691 0.000159 0.000000 0.000000 0.000000 1.000000
0.995603 0.047371 -0.080816 0.005130 -0.046920 0.998871 0.007476 0.128139 0.081078 -0.003651 0.996701 0.000137 0.000000 0.000000 0.000000 1.000000
0.995587 0.047647 -0.080848 0.005150 -0.047176 0.998857 0.007727 0.128139 0.081124 -0.003879 0.996697 0.000112 0.000000 0.000000 0.000000 1.000000
0.995560 0.048026 -0.080957 0.005171 -0.047534 0.998838 0.007986 0.128139 0.081246 -0.004102 0.996686 0.000086 0.000000 0.000000 0.000000 1.000000
0.995530 0.048375 -0.081114 0.005193 -0.047864 0.998820 0.008234 0.128138 0.081417 -0.004315 0.996671 0.000060 0.000000 0.000000 0.000000 1.000000
0.995490 0.048604 -0.081472 0.005219 -0.048074 0.998808 0.008452 0.128138 0.081786 -0.004497 0.996640 0.000030 0.000000 0.000000 0.000000 1.000000
0.995446 0.048740 -0.081923 0.005247 -0.048190 0.998800 0.008674 0.128138 0.082248 -0.004687 0.996601 -0.000005 0.000000 0.000000 0.000000 1.000000
0.995413 0.048842 -0.082263 0.005276 -0.048269 0.998794 0.008948 0.128137 0.082601 -0.004937 0.996570 -0.000044 0.000000 0.000000 0.000000 1.000000
0.995407 0.048976 -0.082261 0.005304 -0.048372 0.998786 0.009316 0.128137 0.082617 -0.005294 0.996567 -0.000086 0.000000 0.000000 0.000000 1.000000
0.995429 0.049156 -0.081882 0.005333 -0.048518 0.998775 0.009766 0.128135 0.082262 -0.005749 0.996594 -0.000129 0.000000 0.000000 0.000000 1.000000
0.995459 0.049319 -0.081417 0.005362 -0.048648 0.998764 0.010211 0.128134 0.081819 -0.006204 0.996628 -0.000170 0.000000 0.000000 0.000000 1.000000
0.995479 0.049404 -0.081128 0.005391 -0.048704 0.998757 0.010586 0.128134 0.081550 -0.006587 0.996647 -0.000205 0.000000 0.000000 0.000000 1.000000
0.995482 0.049389 -0.081089 0.005422 -0.048666 0.998756 0.010872 0.128134 0.081525 -0.006877 0.996648 -0.000234 0.000000 0.000000 0.000000 1.000000
0.995483 0.049304 -0.081138 0.005453 -0.048562 0.998759 0.011096 0.128135 0.081584 -0.007106 0.996641 -0.000257 0.000000 0.000000 0.000000 1.000000
0.995513 0.049222 -0.080820 0.005482 -0.048463 0.998761 0.011322 0.128135 0.081277 -0.007355 0.996664 -0.000277 0.000000 0.000000 0.000000 1.000000
0.995570 0.049138 -0.080156 0.005510 -0.048366 0.998763 0.011554 0.128136 0.080624 -0.007626 0.996715 -0.000294 0.000000 0.000000 0.000000 1.000000
0.995639 0.049054 -0.079357 0.005536 -0.048270 0.998765 0.011767 0.128136 0.079836 -0.007885 0.996777 -0.000309 0.000000 0.000000 0.000000 1.000000
0.995702 0.048983 -0.078597 0.005562 -0.048191 0.998767 0.011947 0.128136 0.079085 -0.008108 0.996835 -0.000321 0.000000 0.000000 0.000000 1.000000
0.995754 0.048954 -0.077955 0.005586 -0.048154 0.998767 0.012107 0.128136 0.078451 -0.008301 0.996883 -0.000331 0.000000 0.000000 0.000000 1.000000
0.995797 0.049007 -0.077375 0.005608 -0.048196 0.998762 0.012314 0.128135 0.077883 -0.008533 0.996926 -0.000337 0.000000 0.000000 0.000000 1.000000
0.995831 0.049082 -0.076889 0.005629 -0.048255 0.998756 0.012572 0.128135 0.077411 -0.008809 0.996960 -0.000338 0.000000 0.000000 0.000000 1.000000
0.995853 0.049137 -0.076572 0.005649 -0.048291 0.998751 0.012853 0.128134 0.077108 -0.009102 0.996981 -0.000338 0.000000 0.000000 0.000000 1.000000
0.995862 0.049162 -0.076433 0.005668 -0.048296 0.998747 0.013135 0.128134 0.076982 -0.009389 0.996988 -0.000338 0.000000 0.000000 0.000000 1.000000
0.995863 0.049174 -0.076408 0.005687 -0.048288 0.998744 0.013403 0.128133 0.076971 -0.009658 0.996987 -0.000340 0.000000 0.000000 0.000000 1.000000
0.995861 0.049178 -0.076431 0.005704 -0.048276 0.998741 0.013608 0.128132 0.077004 -0.009861 0.996982 -0.000343 0.000000 0.000000 0.000000 1.000000
0.995854 0.049144 -0.076544 0.005721 -0.048236 0.998742 0.013663 0.128132 0.077119 -0.009914 0.996973 -0.000348 0.000000 0.000000 0.000000 1.000000
0.995837 0.049077 -0.076814 0.005737 -0.048175 0.998747 0.013560 0.128131 0.077383 -0.009803 0.996953 -0.000354 0.000000 0.000000 0.000000 1.000000
0.995806 0.049008 -0.077254 0.005752 -0.048117 0.998752 0.013353 0.128131 0.077812 -0.009580 0.996922 -0.000360 0.000000 0.000000 0.000000 1.000000
0.995765 0.048986 -0.077802 0.005765 -0.048105 0.998756 0.013151 0.128131 0.078349 -0.009352 0.996882 -0.000364 0.000000 0.000000 0.000000 1.000000
0.995721 0.049057 -0.078312 0.005777 -0.048179 0.998753 0.013059 0.128130 0.078855 -0.009230 0.996843 -0.000362 0.000000 0.000000 0.000000 1.000000
0.995683 0.049180 -0.078719 0.005786 -0.048300 0.998748 0.013040 0.128128 0.079262 -0.009181 0.996812 -0.000353 0.000000 0.000000 0.000000 1.000000
0.995651 0.049311 -0.079046 0.005793 -0.048427 0.998741 0.013052 0.128127 0.079590 -0.009167 0.996786 -0.000341 0.000000 0.000000 0.000000 1.000000
0.995622 0.049423 -0.079338 0.005798 -0.048536 0.998736 0.013077 0.128126 0.079884 -0.009169 0.996762 -0.000325 0.000000 0.000000 0.000000 1.000000
0.995593 0.049518 -0.079641 0.005803 -0.048624 0.998731 0.013131 0.128124 0.080191 -0.009200 0.996737 -0.000308 0.000000 0.000000 0.000000 1.000000
0.995561 0.049632 -0.079968 0.005807 -0.048724 0.998724 0.013262 0.128123 0.080524 -0.009307 0.996709 -0.000291 0.000000 0.000000 0.000000 1.000000
0.995524 0.049786 -0.080335 0.005810 -0.048860 0.998715 0.013447 0.128121 0.080901 -0.009462 0.996677 -0.000276 0.000000 0.000000 0.000000 1.000000
0.995483 0.049956 -0.080736 0.005812 -0.049014 0.998705 0.013608 0.128118 0.081311 -0.009589 0.996643 -0.000267 0.000000 0.000000 0.000000 1.000000
0.995450 0.050058 -0.081082 0.005813 -0.049108 0.998700 0.013664 0.128116 0.081660 -0.009621 0.996614 -0.000262 0.000000 0.000000 0.000000 1.000000
0.995439 0.049992 -0.081248 0.005816 -0.049048 0.998704 0.013571 0.128114 0.081821 -0.009524 0.996602 -0.000260 0.000000 0.000000 0.000000 1.000000</float_array>
        <technique_common>
          <accessor source="#mixamorig_Hips-Matrix-animation-output-transform-array" count="181" stride="16">
            <param type="float4x4"/>
          </accessor>
        </technique_common>
      </source>
      <source id="mixamorig_Hips-Interpolations">
        <Name_array id="mixamorig_Hips-Interpolations-array" count="181">
 LINEAR LINEAR LINEAR LINEAR LINEAR LINEAR LINEAR LINEAR LINEAR LINEAR LINEAR
LINEAR LINEAR LINEAR LINEAR LINEAR LINEAR LINEAR LINEAR LINEAR LINEAR LINEAR LINEAR
LINEAR LINEAR LINEAR LINEAR LINEAR LINEAR LINEAR LINEAR LINEAR LINEAR LINEAR LINEAR
LINEAR LINEAR LINEAR LINEAR LINEAR LINEAR LINEAR LINEAR LINEAR LINEAR LINEAR LINEAR
LINEAR LINEAR LINEAR LINEAR LINEAR LINEAR LINEAR LINEAR LINEAR LINEAR LINEAR LINEAR
LINEAR LINEAR LINEAR LINEAR LINEAR LINEAR LINEAR LINEAR LINEAR LINEAR LINEAR LINEAR
LINEAR LINEAR LINEAR LINEAR LINEAR LINEAR LINEAR LINEAR LINEAR LINEAR LINEAR LINEAR
LINEAR LINEAR LINEAR LINEAR LINEAR LINEAR LINEAR LINEAR LINEAR LINEAR LINEAR LINEAR
LINEAR LINEAR LINEAR LINEAR LINEAR LINEAR LINEAR LINEAR LINEAR LINEAR LINEAR LINEAR
LINEAR LINEAR LINEAR LINEAR LINEAR LINEAR LINEAR LINEAR LINEAR LINEAR LINEAR LINEAR
LINEAR LINEAR LINEAR LINEAR LINEAR LINEAR LINEAR LINEAR LINEAR LINEAR LINEAR LINEAR
LINEAR LINEAR LINEAR LINEAR LINEAR LINEAR LINEAR LINEAR LINEAR LINEAR LINEAR LINEAR
LINEAR LINEAR LINEAR LINEAR LINEAR LINEAR LINEAR LINEAR LINEAR LINEAR LINEAR LINEAR
LINEAR LINEAR LINEAR LINEAR LINEAR LINEAR LINEAR LINEAR LINEAR LINEAR LINEAR LINEAR
LINEAR LINEAR LINEAR LINEAR LINEAR LINEAR LINEAR LINEAR LINEAR LINEAR LINEAR LINEAR
LINEAR LINEAR</Name_array>
        <technique_common>
          <accessor source="#mixamorig_Hips-Interpolations-array" count="181">
            <param type="name"/>
          </accessor>
        </technique_common>
      </source>
      <sampler id="mixamorig_Hips-Matrix-animation-transform">
        <input semantic="INPUT" source="#mixamorig_Hips-Matrix-animation-input"/>
        <input semantic="OUTPUT" source="#mixamorig_Hips-Matrix-animation-output-transform"/>
        <input semantic="INTERPOLATION" source="#mixamorig_Hips-Interpolations"/>
      </sampler>
      <channel source="#mixamorig_Hips-Matrix-animation-transform" target="mixamorig_Hips/matrix"/>
    </animation>
    <animation id="mixamorig_Spine-anim" name="mixamorig_Spine">
      <source id="mixamorig_Spine-Matrix-animation-input">
        <float_array id="mixamorig_Spine-Matrix-animation-input-array" count="181">

0.000000 0.033333 0.066667 0.100000 0.133333 0.166667 0.200000 0.233333 0.266667 0.300000 0.333333 0.366667 0.400000 0.433333 0.466667 0.500000
0.533333 0.566667 0.600000 0.633333 0.666667 0.700000 0.733333 0.766667 0.800000 0.833333 0.866667 0.900000 0.933333 0.966667 1.000000 1.033333
1.066667 1.100000 1.133333 1.166667 1.200000 1.233333 1.266667 1.300000 1.333333 1.366667 1.400000 1.433333 1.466667 1.500000 1.533333 1.566667
1.600000 1.633333 1.666667 1.700000 1.733333 1.766667 1.800000 1.833333 1.866667 1.900000 1.933333 1.966667 2.000000 2.033333 2.066667 2.100000
2.133333 2.166667 2.200000 2.233333 2.266667 2.300000 2.333333 2.366667 2.400000 2.433333 2.466667 2.500000 2.533333 2.566667 2.600000 2.633333
2.666667 2.700000 2.733333 2.766667 2.800000 2.833333 2.866667 2.900000 2.933333 2.966667 3.000000 3.033333 3.066667 3.100000 3.133333 3.166667
3.200000 3.233333 3.266667 3.300000 3.333333 3.366667 3.400000 3.433333 3.466667 3.500000 3.533333 3.566667 3.600000 3.633333 3.666667 3.700000
3.733333 3.766667 3.800000 3.833333 3.866667 3.900000 3.933333 3.966667 4.000000 4.033333 4.066667 4.100000 4.133333 4.166667 4.200000 4.233333
4.266667 4.300000 4.333333 4.366667 4.400000 4.433333 4.466667 4.500000 4.533333 4.566667 4.600000 4.633333 4.666667 4.700000 4.733333 4.766667
4.800000 4.833333 4.866667 4.900000 4.933333 4.966667 5.000000 5.033333 5.066667 5.100000 5.133333 5.166667 5.200000 5.233333 5.266667 5.300000
5.333333 5.366667 5.400000 5.433333 5.466667 5.500000 5.533333 5.566667 5.600000 5.633333 5.666667 5.700000 5.733333 5.766667 5.800000 5.833333
5.866667 5.900000 5.933333 5.966667 6.000000</float_array>
        <technique_common>
          <accessor source="#mixamorig_Spine-Matrix-animation-input-array" count="181">
            <param name="TIME" type="float"/>
          </accessor>
        </technique_common>
      </source>
      <source id="mixamorig_Spine-Matrix-animation-output-transform">
        <float_array id="mixamorig_Spine-Matrix-animation-output-transform-array" count="2896">

0.999497 -0.029501 0.011613 -0.000000 0.029360 0.999496 0.012092 0.008500 -0.011964 -0.011745 0.999859 -0.000300 0.000000 0.000000 0.000000 1.000000
0.999497 -0.029485 0.011655 -0.000000 0.029344 0.999496 0.012103 0.008500 -0.012006 -0.011755 0.999859 -0.000300 0.000000 0.000000 0.000000 1.000000
0.999497 -0.029474 0.011678 0.000000 0.029332 0.999496 0.012116 0.008500 -0.012029 -0.011767 0.999858 -0.000300 0.000000 0.000000 0.000000 1.000000
0.999498 -0.029468 0.011677 -0.000000 0.029326 0.999496 0.012139 0.008500 -0.012029 -0.011790 0.999858 -0.000300 0.000000 0.000000 0.000000 1.000000
0.999498 -0.029468 0.011663 -0.000000 0.029326 0.999496 0.012181 0.008500 -0.012016 -0.011833 0.999858 -0.000300 0.000000 0.000000 0.000000 1.000000
0.999498 -0.029469 0.011649 0.000000 0.029326 0.999495 0.012252 0.008500 -0.012004 -0.011904 0.999857 -0.000300 0.000000 0.000000 0.000000 1.000000
0.999498 -0.029462 0.011636 0.000000 0.029318 0.999494 0.012345 0.008500 -0.011993 -0.011998 0.999856 -0.000300 0.000000 0.000000 0.000000 1.000000
0.999499 -0.029448 0.011616 -0.000000 0.029304 0.999493 0.012441 0.008500 -0.011977 -0.012094 0.999855 -0.000300 0.000000 0.000000 0.000000 1.000000
0.999499 -0.029435 0.011591 -0.000000 0.029289 0.999492 0.012543 0.008500 -0.011955 -0.012197 0.999854 -0.000300 0.000000 0.000000 0.000000 1.000000
0.999500 -0.029427 0.011559 0.000000 0.029281 0.999491 0.012661 0.008500 -0.011926 -0.012316 0.999853 -0.000300 0.000000 0.000000 0.000000 1.000000
0.999501 -0.029427 0.011513 -0.000000 0.029279 0.999489 0.012802 0.008500 -0.011884 -0.012459 0.999852 -0.000300 0.000000 0.000000 0.000000 1.000000
0.999501 -0.029431 0.011432 -0.000000 0.029283 0.999487 0.012946 0.008500 -0.011807 -0.012604 0.999851 -0.000300 0.000000 0.000000 0.000000 1.000000
0.999503 -0.029437 0.011316 -0.000000 0.029288 0.999485 0.013080 0.008500 -0.011696 -0.012742 0.999850 -0.000300 0.000000 0.000000 0.000000 1.000000
0.999504 -0.029441 0.011181 -0.000000 0.029292 0.999483 0.013219 0.008500 -0.011564 -0.012885 0.999850 -0.000300 0.000000 0.000000 0.000000 1.000000
0.999506 -0.029443 0.011037 0.000000 0.029295 0.999481 0.013373 0.008500 -0.011425 -0.013043 0.999850 -0.000300 0.000000 0.000000 0.000000 1.000000
0.999507 -0.029445 0.010888 0.000000 0.029297 0.999479 0.013544 0.008500 -0.011281 -0.013219 0.999849 -0.000300 0.000000 0.000000 0.000000 1.000000
0.999509 -0.029445 0.010725 -0.000000 0.029297 0.999476 0.013728 0.008500 -0.011124 -0.013407 0.999848 -0.000300 0.000000 0.000000 0.000000 1.000000
0.999511 -0.029439 0.010550 0.000000 0.029291 0.999474 0.013917 0.008500 -0.010954 -0.013601 0.999847 -0.000300 0.000000 0.000000 0.000000 1.000000
0.999513 -0.029429 0.010362 -0.000000 0.029281 0.999472 0.014108 0.008500 -0.010772 -0.013797 0.999847 -0.000300 0.000000 0.000000 0.000000 1.000000
0.999515 -0.029423 0.010168 -0.000000 0.029276 0.999469 0.014291 0.008500 -0.010583 -0.013986 0.999846 -0.000300 0.000000 0.000000 0.000000 1.000000
0.999517 -0.029433 0.009983 0.000000 0.029287 0.999467 0.014453 0.008500 -0.010403 -0.014154 0.999846 -0.000300 0.000000 0.000000 0.000000 1.000000
0.999517 -0.029468 0.009836 0.000000 0.029323 0.999464 0.014575 0.008500 -0.010260 -0.014280 0.999845 -0.000300 0.000000 0.000000 0.000000 1.000000
0.999517 -0.029519 0.009714 -0.000000 0.029375 0.999461 0.014671 0.008500 -0.010142 -0.014378 0.999845 -0.000300 0.000000 0.000000 0.000000 1.000000
0.999516 -0.029588 0.009585 0.000000 0.029445 0.999457 0.014763 0.008500 -0.010017 -0.014474 0.999845 -0.000300 0.000000 0.000000 0.000000 1.000000
0.999515 -0.029676 0.009419 0.000000 0.029534 0.999453 0.014866 0.008500 -0.009856 -0.014581 0.999845 -0.000300 0.000000 0.000000 0.000000 1.000000
0.999514 -0.029783 0.009199 -0.000000 0.029643 0.999448 0.014974 0.008500 -0.009640 -0.014694 0.999846 -0.000300 0.000000 0.000000 0.000000 1.000000
0.999513 -0.029911 0.008928 -0.000000 0.029775 0.999443 0.015054 0.008500 -0.009373 -0.014781 0.999847 -0.000300 0.000000 0.000000 0.000000 1.000000
0.999511 -0.030046 0.008639 -0.000000 0.029913 0.999438 0.015100 0.008500 -0.009087 -0.014834 0.999849 -0.000300 0.000000 0.000000 0.000000 1.000000
0.999510 -0.030170 0.008361 0.000000 0.030041 0.999434 0.015121 0.008500 -0.008812 -0.014863 0.999851 -0.000300 0.000000 0.000000 0.000000 1.000000
0.999509 -0.030277 0.008114 -0.000000 0.030152 0.999431 0.015130 0.008500 -0.008567 -0.014878 0.999853 -0.000300 0.000000 0.000000 0.000000 1.000000
0.999507 -0.030380 0.007901 0.000000 0.030258 0.999428 0.015137 0.008500 -0.008357 -0.014890 0.999854 -0.000300 0.000000 0.000000 0.000000 1.000000
0.999505 -0.030504 0.007708 0.000000 0.030384 0.999424 0.015144 0.008500 -0.008166 -0.014902 0.999856 -0.000300 0.000000 0.000000 0.000000 1.000000
0.999502 -0.030648 0.007512 0.000000 0.030531 0.999419 0.015155 0.008500 -0.007972 -0.014918 0.999857 -0.000300 0.000000 0.000000 0.000000 1.000000
0.999499 -0.030801 0.007307 -0.000000 0.030688 0.999414 0.015160 0.008500 -0.007770 -0.014928 0.999858 -0.000300 0.000000 0.000000 0.000000 1.000000
0.999496 -0.030951 0.007093 0.000000 0.030841 0.999409 0.015153 0.008500 -0.007558 -0.014927 0.999860 -0.000300 0.000000 0.000000 0.000000 1.000000
0.999493 -0.031084 0.006873 0.000000 0.030978 0.999406 0.015131 0.008500 -0.007340 -0.014910 0.999862 -0.000300 0.000000 0.000000 0.000000 1.000000
0.999491 -0.031189 0.006649 0.000000 0.031086 0.999403 0.015103 0.008500 -0.007116 -0.014889 0.999864 -0.000300 0.000000 0.000000 0.000000 1.000000
0.999490 -0.031265 0.006424 0.000000 0.031165 0.999400 0.015084 0.008500 -0.006892 -0.014876 0.999866 -0.000300 0.000000 0.000000 0.000000 1.000000
0.999490 -0.031318 0.006215 -0.000000 0.031221 0.999399 0.015079 0.008500 -0.006683 -0.014877 0.999867 -0.000300 0.000000 0.000000 0.000000 1.000000
0.999490 -0.031355 0.006038 -0.000000 0.031261 0.999397 0.015088 0.008500 -0.006507 -0.014892 0.999868 -0.000300 0.000000 0.000000 0.000000 1.000000
