<?xml version="1.0" encoding="utf-8"?>
<COLLADA xmlns="http://www.collada.org/2005/11/COLLADASchema" version="1.4.1">
  <asset>
    <contributor>
      <author>Mixamo</author>
      <authoring_tool>COLLADA Mixamo exporter</authoring_tool>
      <comments/>
    </contributor>
    <created>2026-05-01T17:23:25Z</created>
    <modified>2026-05-01T17:23:25Z</modified>
    <revision/>
    <title/>
    <unit meter="0.010000"/>
    <up_axis>Y_UP</up_axis>
  </asset>
  <library_animations>
    <animation id="mixamorig_Hips-anim" name="mixamorig_Hips">
      <source id="mixamorig_Hips-Matrix-animation-input">
        <float_array id="mixamorig_Hips-Matrix-animation-input-array" count="22">

0.000000 0.033333 0.066667 0.100000 0.133333 0.166667 0.200000 0.233333 0.266667 0.300000 0.333333 0.366667 0.400000 0.433333 0.466667 0.500000
0.533333 0.566667 0.600000 0.633333 0.666667 0.700000</float_array>
        <technique_common>
          <accessor source="#mixamorig_Hips-Matrix-animation-input-array" count="22">
            <param name="TIME" type="float"/>
          </accessor>
        </technique_common>
      </source>
      <source id="mixamorig_Hips-Matrix-animation-output-transform">
        <float_array id="mixamorig_Hips-Matrix-animation-output-transform-array" count="352">

0.948804 0.076513 -0.306459 0.000210 -0.184068 0.922388 -0.339588 0.108013 0.256691 0.378611 0.889249 0.000388 0.000000 0.000000 0.000000 1.000000
0.968628 -0.007369 -0.248405 0.000906 -0.083864 0.931232 -0.354645 0.109838 0.233936 0.364351 0.901400 0.000267 0.000000 0.000000 0.000000 1.000000
0.986246 -0.082945 -0.142966 0.001186 0.021114 0.921104 -0.388743 0.112352 0.163931 0.380378 0.910187 0.000152 0.000000 0.000000 0.000000 1.000000
0.994836 -0.096582 -0.031207 0.001262 0.075397 0.909043 -0.409825 0.114750 0.067950 0.405355 0.911630 0.000074 0.000000 0.000000 0.000000 1.000000
0.997317 -0.054743 0.048607 0.001384 0.069901 0.909377 -0.410057 0.116168 -0.021755 0.412354 0.910764 -0.000097 0.000000 0.000000 0.000000 1.000000
0.995616 -0.019977 0.091376 0.001697 0.053519 0.922870 -0.381374 0.116038 -0.076710 0.384593 0.919894 -0.000581 0.000000 0.000000 0.000000 1.000000
0.994346 -0.031110 0.101533 0.002013 0.064075 0.938230 -0.340029 0.114695 -0.084683 0.344612 0.934918 -0.000933 0.000000 0.000000 0.000000 1.000000
0.993524 -0.050237 0.101917 0.002441 0.080267 0.945164 -0.316578 0.112200 -0.080424 0.322708 0.943076 -0.002737 0.000000 0.000000 0.000000 1.000000
0.989158 -0.073554 0.127109 0.002827 0.110217 0.943815 -0.311553 0.109373 -0.097051 0.322184 0.941689 -0.006215 0.000000 0.000000 0.000000 1.000000
0.979939 -0.074635 0.184797 0.002816 0.131007 0.939986 -0.315062 0.107004 -0.150192 0.332951 0.930906 -0.009871 0.000000 0.000000 0.000000 1.000000
0.968593 -0.015822 0.248149 0.002078 0.098141 0.941279 -0.323052 0.105792 -0.228466 0.337260 0.913268 -0.011089 0.000000 0.000000 0.000000 1.000000
0.964452 0.041911 0.260914 0.001649 0.048431 0.942587 -0.330431 0.107201 -0.259783 0.331321 0.907050 -0.009752 0.000000 0.000000 0.000000 1.000000
0.976869 0.105159 0.186194 0.001460 -0.033623 0.935430 -0.351910 0.109932 -0.211178 0.337510 0.917328 -0.007813 0.000000 0.000000 0.000000 1.000000
0.987343 0.147989 0.057040 0.001385 -0.117082 0.922707 -0.367291 0.112826 -0.106986 0.355964 0.928355 -0.006219 0.000000 0.000000 0.000000 1.000000
0.987018 0.148435 -0.061339 0.001274 -0.160608 0.914023 -0.372515 0.115201 0.000771 0.377530 0.925997 -0.005163 0.000000 0.000000 0.000000 1.000000
0.988884 0.107400 -0.102825 0.001038 -0.138885 0.914141 -0.380865 0.116812 0.053091 0.390912 0.918895 -0.004237 0.000000 0.000000 0.000000 1.000000
0.991174 0.081473 -0.104581 0.001016 -0.114027 0.926325 -0.359055 0.116819 0.067623 0.367811 0.927439 -0.003335 0.000000 0.000000 0.000000 1.000000
0.991191 0.071475 -0.111499 0.000890 -0.105705 0.934154 -0.340855 0.115338 0.079795 0.349638 0.933481 -0.001752 0.000000 0.000000 0.000000 1.000000
0.985008 0.092379 -0.145692 0.000412 -0.136821 0.932729 -0.333610 0.112572 0.105072 0.348542 0.931385 -0.000972 0.000000 0.000000 0.000000 1.000000
0.969331 0.130179 -0.208448 -0.000171 -0.196464 0.920035 -0.339025 0.109394 0.147645 0.369580 0.917394 -0.001665 0.000000 0.000000 0.000000 1.000000
0.949834 0.141808 -0.278759 -0.000226 -0.239466 0.903068 -0.356545 0.107272 0.201177 0.405412 0.891722 -0.002954 0.000000 0.000000 0.000000 1.000000
0.949111 0.090793 -0.301572 0.000113 -0.196908 0.918384 -0.343218 0.107808 0.245797 0.385134 0.889526 -0.000359 0.000000 0.000000 0.000000 1.000000</float_array>
        <technique_common>
          <accessor source="#mixamorig_Hips-Matrix-animation-output-transform-array" count="22" stride="16">
            <param type="float4x4"/>
          </accessor>
        </technique_common>
      </source>
      <source id="mixamorig_Hips-Interpolations">
        <Name_array id="mixamorig_Hips-Interpolations-array" count="22">
 LINEAR LINEAR LINEAR LINEAR LINEAR LINEAR LINEAR LINEAR LINEAR LINEAR LINEAR
LINEAR LINEAR LINEAR LINEAR LINEAR LINEAR LINEAR LINEAR LINEAR LINEAR LINEAR</Name_array>
        <technique_common>
          <accessor source="#mixamorig_Hips-Interpolations-array" count="22">
            <param type="name"/>
          </accessor>
        </technique_common>
      </source>
      <sampler id="mixamorig_Hips-Matrix-animation-transform">
        <input semantic="INPUT" source="#mixamorig_Hips-Matrix-animation-input"/>
        <input semantic="OUTPUT" source="#mixamorig_Hips-Matrix-animation-output-transform"/>
        <input semantic="INTERPOLATION" source="#mixamorig_Hips-Interpolations"/>
      </sampler>
      <channel source="#mixamorig_Hips-Matrix-animation-transform" target="mixamorig_Hips/matrix"/>
    </animation>
    <animation id="mixamorig_Spine-anim" name="mixamorig_Spine">
      <source id="mixamorig_Spine-Matrix-animation-input">
        <float_array id="mixamorig_Spine-Matrix-animation-input-array" count="22">

0.000000 0.033333 0.066667 0.100000 0.133333 0.166667 0.200000 0.233333 0.266667 0.300000 0.333333 0.366667 0.400000 0.433333 0.466667 0.500000
0.533333 0.566667 0.600000 0.633333 0.666667 0.700000</float_array>
        <technique_common>
          <accessor source="#mixamorig_Spine-Matrix-animation-input-array" count="22">
            <param name="TIME" type="float"/>
          </accessor>
        </technique_common>
      </source>
      <source id="mixamorig_Spine-Matrix-animation-output-transform">
        <float_array id="mixamorig_Spine-Matrix-animation-output-transform-array" count="352">

0.976610 -0.043243 0.210624 0.000000 0.089685 0.972211 -0.216245 0.008500 -0.195420 0.230076 0.953350 -0.000300 0.000000 0.000000 0.000000 1.000000
0.964521 0.049679 0.259289 0.000000 0.003304 0.979787 -0.200016 0.008500 -0.263984 0.193776 0.944861 -0.000300 0.000000 0.000000 0.000000 1.000000
0.954328 0.127596 0.270143 0.000000 -0.082433 0.981569 -0.172413 0.008500 -0.287163 0.142270 0.947257 -0.000300 0.000000 0.000000 0.000000 1.000000
0.955597 0.145851 0.256052 0.000000 -0.114302 0.984351 -0.134123 0.008500 -0.271607 0.098900 0.957313 -0.000300 0.000000 0.000000 0.000000 1.000000
0.968571 0.111194 0.222501 0.000000 -0.089544 0.990415 -0.105163 0.008500 -0.232062 0.081935 0.969244 -0.000300 0.000000 0.000000 0.000000 1.000000
0.980480 0.081445 0.178956 0.000000 -0.062325 0.991977 -0.109989 0.008500 -0.186479 0.096689 0.977690 -0.000300 0.000000 0.000000 0.000000 1.000000
0.982292 0.101665 0.157375 0.000000 -0.079926 0.987092 -0.138786 0.008500 -0.169453 0.123750 0.977738 -0.000300 0.000000 0.000000 0.000000 1.000000
0.982652 0.130071 0.132200 0.000000 -0.107864 0.980689 -0.163138 0.008500 -0.150867 0.146049 0.977706 -0.000300 0.000000 0.000000 0.000000 1.000000
0.984887 0.156865 0.073422 0.000000 -0.140728 0.971898 -0.188708 0.008500 -0.100960 0.175523 0.979285 -0.000300 0.000000 0.000000 0.000000 1.000000
0.988187 0.151756 -0.021381 -0.000000 -0.152900 0.966766 -0.204903 0.008500 -0.010425 0.205752 0.978549 -0.000300 0.000000 0.000000 0.000000 1.000000
0.988747 0.082559 -0.124751 0.000000 -0.106623 0.973859 -0.200577 0.008500 0.104930 0.211621 0.971703 -0.000300 0.000000 0.000000 0.000000 1.000000
0.976045 0.003798 -0.217534 0.000000 -0.046415 0.980464 -0.191143 0.008500 0.212559 0.196661 0.957154 -0.000300 0.000000 0.000000 0.000000 1.000000
0.964178 -0.075149 -0.254390 -0.000000 0.030012 0.983777 -0.176866 0.008500 0.263554 0.162896 0.950791 -0.000300 0.000000 0.000000 0.000000 1.000000
0.962315 -0.127698 -0.240091 0.000000 0.089246 0.982291 -0.164742 0.008500 0.256876 0.137106 0.956670 -0.000300 0.000000 0.000000 0.000000 1.000000
0.970504 -0.136930 -0.198423 0.000000 0.107256 0.982341 -0.153305 0.008500 0.215911 0.127501 0.968053 -0.000300 0.000000 0.000000 0.000000 1.000000
0.980783 -0.102789 -0.165829 0.000000 0.079276 0.986591 -0.142664 0.008500 0.178270 0.126776 0.975781 -0.000300 0.000000 0.000000 0.000000 1.000000
0.987124 -0.084230 -0.135983 0.000000 0.060437 0.983507 -0.170474 0.008500 0.148099 0.160060 0.975934 -0.000300 0.000000 0.000000 0.000000 1.000000
0.990315 -0.085815 -0.109140 0.000000 0.064326 0.980239 -0.187066 0.008500 0.123036 0.178234 0.976266 -0.000300 0.000000 0.000000 0.000000 1.000000
0.992063 -0.112110 -0.056942 0.000000 0.098670 0.974787 -0.200135 0.008500 0.077943 0.192928 0.978112 -0.000300 0.000000 0.000000 0.000000 1.000000
0.989414 -0.142615 0.026853 0.000000 0.145076 0.967423 -0.207476 0.008500 0.003611 0.209175 0.977872 -0.000300 0.000000 0.000000 0.000000 1.000000
0.982928 -0.139212 0.120305 0.000000 0.161649 0.965688 -0.203263 0.008500 -0.087881 0.219240 0.971705 -0.000300 0.000000 0.000000 0.000000 1.000000
0.979048 -0.064202 0.193244 0.000000 0.105593 0.971502 -0.212211 0.008500 -0.174113 0.228170 0.957927 -0.000300 0.000000 0.000000 0.000000 1.000000</float_array>
        <technique_common>
          <accessor source="#mixamorig_Spine-Matrix-animation-output-transform-array" count="22" stride="16">
            <param type="float4x4"/>
          </accessor>
        </technique_common>
      </source>
      <source id="mixamorig_Spine-Interpolations">
        <Name_array id="mixamorig_Spine-Interpolations-array" count="22">
 LINEAR LINEAR LINEAR LINEAR LINEAR LINEAR LINEAR LINEAR LINEAR LINEAR LINEAR
LINEAR LINEAR LINEAR LINEAR LINEAR LINEAR LINEAR LINEAR LINEAR LINEAR LINEAR</Name_array>
        <technique_common>
          <accessor source="#mixamorig_Spine-Interpolations-array" count="22">
            <param type="name"/>
          </accessor>
        </technique_common>
      </source>
      <sampler id="mixamorig_Spine-Matrix-animation-transform">
        <input semantic="INPUT" source="#mixamorig_Spine-Matrix-animation-input"/>
        <input semantic="OUTPUT" source="#mixamorig_Spine-Matrix-animation-output-transform"/>
        <input semantic="INTERPOLATION" source="#mixamorig_Spine-Interpolations"/>
      </sampler>
      <channel source="#mixamorig_Spine-Matrix-animation-transform" target="mixamorig_Spine/matrix"/>
    </animation>
    <animation id="mixamorig_Spine1-anim" name="mixamorig_Spine1">
      <source id="mixamorig_Spine1-Matrix-animation-input">
        <float_array id="mixamorig_Spine1-Matrix-animation-input-array" count="22">

0.000000 0.033333 0.066667 0.100000 0.133333 0.166667 0.200000 0.233333 0.266667 0.300000 0.333333 0.366667 0.400000 0.433333 0.466667 0.500000
0.533333 0.566667 0.600000 0.633333 0.666667 0.700000</float_array>
        <technique_common>
          <accessor source="#mixamorig_Spine1-Matrix-animation-input-array" count="22">
            <param name="TIME" type="float"/>
          </accessor>
        </technique_common>
      </source>
      <source id="mixamorig_Spine1-Matrix-animation-output-transform">
        <float_array id="mixamorig_Spine1-Matrix-animation-output-transform-array" count="352">

0.998511 -0.014280 0.052650 0.000000 0.015328 0.999691 -0.019569 0.009900 -0.052354 0.020347 0.998421 0.000000 0.000000 0.000000 0.000000 1.000000
0.997490 -0.002797 0.070755 0.000000 0.003847 0.999885 -0.014699 0.009900 -0.070705 0.014934 0.997385 0.000000 0.000000 0.000000 0.000000 1.000000
0.996864 0.009746 0.078535 0.000000 -0.008843 0.999891 -0.011830 0.009900 -0.078642 0.011099 0.996841 0.000000 0.000000 0.000000 0.000000 1.000000
0.996957 0.017474 0.075967 0.000000 -0.016775 0.999811 -0.009827 0.009900 -0.076124 0.008523 0.997062 -0.000000 0.000000 0.000000 0.000000 1.000000
0.997669 0.017870 0.065862 0.000000 -0.017265 0.999804 -0.009733 0.009900 -0.066023 0.008573 0.997781 -0.000000 0.000000 0.000000 0.000000 1.000000
0.998506 0.013741 0.052892 0.000000 -0.012973 0.999806 -0.014829 0.009900 -0.053085 0.014121 0.998490 -0.000000 0.000000 0.000000 0.000000 1.000000
0.998781 0.016013 0.046688 0.000000 -0.014763 0.999526 -0.027000 0.009900 -0.047099 0.026277 0.998545 0.000000 0.000000 0.000000 0.000000 1.000000
0.998978 0.021320 0.039862 0.000000 -0.020026 0.999269 -0.032575 0.009900 -0.040527 0.031743 0.998674 -0.000000 0.000000 0.000000 0.000000 1.000000
0.999312 0.026980 0.025428 0.000000 -0.026137 0.999116 -0.032937 0.009900 -0.026294 0.032250 0.999134 0.000000 0.000000 0.000000 0.000000 1.000000
0.999617 0.027627 0.001337 0.000000 -0.027574 0.999165 -0.030163 0.009900 -0.002169 0.030114 0.999544 -0.000000 0.000000 0.000000 0.000000 1.000000
0.999431 0.017623 -0.028749 0.000000 -0.018360 0.999504 -0.025583 0.009900 0.028284 0.026096 0.999259 0.000000 0.000000 0.000000 0.000000 1.000000
0.998354 0.006904 -0.056940 0.000000 -0.008007 0.999784 -0.019171 0.009900 0.056796 0.019596 0.998194 0.000000 0.000000 0.000000 0.000000 1.000000
0.997472 -0.001374 -0.071044 0.000000 0.000378 0.999901 -0.014033 0.009900 0.071057 0.013971 0.997374 0.000000 0.000000 0.000000 0.000000 1.000000
0.997496 -0.007649 -0.070314 -0.000000 0.006677 0.999879 -0.014048 0.009900 0.070413 0.013543 0.997426 -0.000000 0.000000 0.000000 0.000000 1.000000
0.998114 -0.010830 -0.060424 -0.000000 0.009745 0.999786 -0.018222 0.009900 0.060608 0.017599 0.998006 0.000000 0.000000 0.000000 0.000000 1.000000
0.998676 -0.008922 -0.050654 0.000000 0.007834 0.999735 -0.021639 0.009900 0.050833 0.021214 0.998482 -0.000000 0.000000 0.000000 0.000000 1.000000
0.999105 -0.006738 -0.041761 0.000000 0.005612 0.999619 -0.027014 0.009900 0.041927 0.026755 0.998762 0.000000 0.000000 0.000000 0.000000 1.000000
0.999413 -0.007802 -0.033373 0.000000 0.006681 0.999414 -0.033577 0.009900 0.033615 0.033334 0.998879 0.000000 0.000000 0.000000 0.000000 1.000000
0.999719 -0.013346 -0.019574 -0.000000 0.012625 0.999254 -0.036511 0.009900 0.020047 0.036254 0.999142 -0.000000 0.000000 0.000000 0.000000 1.000000
0.999770 -0.021423 0.000948 -0.000000 0.021443 0.999224 -0.033036 0.009900 -0.000240 0.033049 0.999454 -0.000000 0.000000 0.000000 0.000000 1.000000
0.999350 -0.026719 0.024213 0.000000 0.027310 0.999329 -0.024411 0.009900 -0.023544 0.025056 0.999409 0.000000 0.000000 0.000000 0.000000 1.000000
0.998751 -0.017069 0.046958 -0.000000 0.018042 0.999629 -0.020392 0.009900 -0.046592 0.021214 0.998689 -0.000000 0.000000 0.000000 0.000000 1.000000</float_array>
        <technique_common>
          <accessor source="#mixamorig_Spine1-Matrix-animation-output-transform-array" count="22" stride="16">
            <param type="float4x4"/>
          </accessor>
        </technique_common>
      </source>
      <source id="mixamorig_Spine1-Interpolations">
        <Name_array id="mixamorig_Spine1-Interpolations-array" count="22">
 LINEAR LINEAR LINEAR LINEAR LINEAR LINEAR LINEAR LINEAR LINEAR LINEAR LINEAR
LINEAR LINEAR LINEAR LINEAR LINEAR LINEAR LINEAR LINEAR LINEAR LINEAR LINEAR</Name_array>
        <technique_common>
          <accessor source="#mixamorig_Spine1-Interpolations-array" count="22">
            <param type="name"/>
          </accessor>
        </technique_common>
      </source>
      <sampler id="mixamorig_Spine1-Matrix-animation-transform">
        <input semantic="INPUT" source="#mixamorig_Spine1-Matrix-animation-input"/>
        <input semantic="OUTPUT" source="#mixamorig_Spine1-Matrix-animation-output-transform"/>
        <input semantic="INTERPOLATION" source="#mixamorig_Spine1-Interpolations"/>
      </sampler>
      <channel source="#mixamorig_Spine1-Matrix-animation-transform" target="mixamorig_Spine1/matrix"/>
    </animation>
    <animation id="mixamorig_Spine2-anim" name="mixamorig_Spine2">
      <source id="mixamorig_Spine2-Matrix-animation-input">
        <float_array id="mixamorig_Spine2-Matrix-animation-input-array" count="22">

0.000000 0.033333 0.066667 0.100000 0.133333 0.166667 0.200000 0.233333 0.266667 0.300000 0.333333 0.366667 0.400000 0.433333 0.466667 0.500000
0.533333 0.566667 0.600000 0.633333 0.666667 0.700000</float_array>
        <technique_common>
          <accessor source="#mixamorig_Spine2-Matrix-animation-input-array" count="22">
            <param name="TIME" type="float"/>
          </accessor>
        </technique_common>
      </source>
      <source id="mixamorig_Spine2-Matrix-animation-output-transform">
        <float_array id="mixamorig_Spine2-Matrix-animation-output-transform-array" count="352">

0.998552 -0.013900 0.051964 -0.000000 0.014967 0.999684 -0.020193 0.011300 -0.051667 0.020942 0.998445 0.000000 0.000000 0.000000 0.000000 1.000000
0.997515 -0.002494 0.070416 0.000000 0.003564 0.999880 -0.015076 0.011300 -0.070370 0.015290 0.997404 0.000000 0.000000 0.000000 0.000000 1.000000
0.996859 0.009953 0.078574 0.000000 -0.009060 0.999890 -0.011721 0.011300 -0.078682 0.010973 0.996839 0.000000 0.000000 0.000000 0.000000 1.000000
0.996937 0.017648 0.076196 -0.000000 -0.016981 0.999812 -0.009386 0.011300 -0.076347 0.008063 0.997049 0.000000 0.000000 0.000000 0.000000 1.000000
0.997652 0.018119 0.066042 0.000000 -0.017542 0.999803 -0.009300 0.011300 -0.066198 0.008120 0.997773 -0.000000 0.000000 0.000000 0.000000 1.000000
0.998497 0.014169 0.052938 0.000000 -0.013413 0.999803 -0.014610 0.011300 -0.053135 0.013878 0.998491 -0.000000 0.000000 0.000000 0.000000 1.000000
0.998775 0.016782 0.046549 0.000000 -0.015547 0.999521 -0.026767 0.011300 -0.046976 0.026011 0.998557 0.000000 0.000000 0.000000 0.000000 1.000000
0.998964 0.022159 0.039747 -0.000000 -0.020884 0.999263 -0.032206 0.011300 -0.040432 0.031343 0.998691 0.000000 0.000000 0.000000 0.000000 1.000000
0.999290 0.027637 0.025603 -0.000000 -0.026798 0.999110 -0.032573 0.011300 -0.026480 0.031864 0.999141 0.000000 0.000000 0.000000 0.000000 1.000000
0.999607 0.027955 0.001853 -0.000000 -0.027886 0.999158 -0.030079 0.011300 -0.002693 0.030016 0.999546 0.000000 0.000000 0.000000 0.000000 1.000000
0.999447 0.017629 -0.028194 0.000000 -0.018362 0.999494 -0.025958 0.011300 0.027722 0.026462 0.999265 0.000000 0.000000 0.000000 0.000000 1.000000
0.998375 0.006924 -0.056556 0.000000 -0.008044 0.999775 -0.019609 0.011300 0.056408 0.020032 0.998207 0.000000 0.000000 0.000000 0.000000 1.000000
0.997482 -0.001069 -0.070919 -0.000000 0.000057 0.999898 -0.014278 0.011300 0.070927 0.014238 0.997380 -0.000000 0.000000 0.000000 0.000000 1.000000
0.997498 -0.007349 -0.070312 0.000000 0.006374 0.999881 -0.014079 0.011300 0.070407 0.013596 0.997426 -0.000000 0.000000 0.000000 0.000000 1.000000
0.998117 -0.010789 -0.060385 0.000000 0.009708 0.999788 -0.018161 0.011300 0.060568 0.017541 0.998010 -0.000000 0.000000 0.000000 0.000000 1.000000
0.998681 -0.008812 -0.050585 0.000000 0.007726 0.999736 -0.021620 0.011300 0.050762 0.021200 0.998486 -0.000000 0.000000 0.000000 0.000000 1.000000
0.999110 -0.006701 -0.041647 -0.000000 0.005578 0.999619 -0.027026 0.011300 0.041812 0.026769 0.998767 0.000000 0.000000 0.000000 0.000000 1.000000
0.999417 -0.007824 -0.033227 0.000000 0.006708 0.999415 -0.033543 0.011300 0.033470 0.033300 0.998885 0.000000 0.000000 0.000000 0.000000 1.000000
0.999721 -0.013250 -0.019565 -0.000000 0.012532 0.999258 -0.036410 0.011300 0.020033 0.036155 0.999145 -0.000000 0.000000 0.000000 0.000000 1.000000
0.999777 -0.021106 0.000575 0.000000 0.021114 0.999232 -0.033021 0.011300 0.000122 0.033026 0.999454 0.000000 0.000000 0.000000 0.000000 1.000000
0.999381 -0.026325 0.023321 -0.000000 0.026902 0.999331 -0.024792 0.011300 -0.022653 0.025404 0.999421 0.000000 0.000000 0.000000 0.000000 1.000000
0.998792 -0.016685 0.046218 0.000000 0.017669 0.999624 -0.020971 0.011300 -0.045851 0.021762 0.998711 0.000000 0.000000 0.000000 0.000000 1.000000</float_array>
        <technique_common>
          <accessor source="#mixamorig_Spine2-Matrix-animation-output-transform-array" count="22" stride="16">
            <param type="float4x4"/>
          </accessor>
        </technique_common>
      </source>
      <source id="mixamorig_Spine2-Interpolations">
        <Name_array id="mixamorig_Spine2-Interpolations-array" count="22">
 LINEAR LINEAR LINEAR LINEAR LINEAR LINEAR LINEAR LINEAR LINEAR LINEAR LINEAR
LINEAR LINEAR LINEAR LINEAR LINEAR LINEAR LINEAR LINEAR LINEAR LINEAR LINEAR</Name_array>
        <technique_common>
          <accessor source="#mixamorig_Spine2-Interpolations-array" count="22">
            <param type="name"/>
          </accessor>
        </technique_common>
      </source>
      <sampler id="mixamorig_Spine2-Matrix-animation-transform">
        <input semantic="INPUT" source="#mixamorig_Spine2-Matrix-animation-input"/>
        <input semantic="OUTPUT" source="#mixamorig_Spine2-Matrix-animation-output-transform"/>
        <input semantic="INTERPOLATION" source="#mixamorig_Spine2-Interpolations"/>
      </sampler>
      <channel source="#mixamorig_Spine2-Matrix-animation-transform" target="mixamorig_Spine2/matrix"/>
    </animation>
    <animation id="mixamorig_Neck-anim" name="mixamorig_Neck">
      <source id="mixamorig_Neck-Matrix-animation-input">
        <float_array id="mixamorig_Neck-Matrix-animation-input-array" count="22">

0.000000 0.033333 0.066667 0.100000 0.133333 0.166667 0.200000 0.233333 0.266667 0.300000 0.333333 0.366667 0.400000 0.433333 0.466667 0.500000
0.533333 0.566667 0.600000 0.633333 0.666667 0.700000</float_array>
        <technique_common>
          <accessor source="#mixamorig_Neck-Matrix-animation-input-array" count="22">
            <param name="TIME" type="float"/>
          </accessor>
        </technique_common>
      </source>
      <source id="mixamorig_Neck-Matrix-animation-output-transform">
        <float_array id="mixamorig_Neck-Matrix-animation-output-transform-array" count="352">

0.999269 -0.023759 -0.029938 0.000000 0.026529 0.995048 0.095791 0.012700 0.027514 -0.096515 0.994951 0.000000 0.000000 0.000000 0.000000 1.000000
0.999053 -0.011312 -0.042012 -0.000000 0.015380 0.995085 0.097819 0.012700 0.040699 -0.098373 0.994317 0.000000 0.000000 0.000000 0.000000 1.000000
0.998679 0.000004 -0.051381 0.000000 0.005051 0.995150 0.098239 0.012700 0.051132 -0.098369 0.993836 0.000000 0.000000 0.000000 0.000000 1.000000
0.998277 0.003030 -0.058596 0.000000 0.002532 0.995511 0.094614 0.012700 0.058619 -0.094600 0.993788 -0.000000 0.000000 0.000000 0.000000 1.000000
0.998052 -0.001492 -0.062371 -0.000000 0.006929 0.996180 0.087047 0.012700 0.062003 -0.087310 0.994250 0.000000 0.000000 0.000000 0.000000 1.000000
0.998162 -0.005205 -0.060378 -0.000000 0.009946 0.996865 0.078492 0.012700 0.059780 -0.078948 0.995085 -0.000000 0.000000 0.000000 0.000000 1.000000
0.998249 -0.008570 -0.058535 0.000000 0.012780 0.997328 0.071933 0.012700 0.057762 -0.072555 0.995690 -0.000000 0.000000 0.000000 0.000000 1.000000
0.998429 -0.010282 -0.055080 -0.000000 0.014005 0.997612 0.067636 0.012700 0.054253 -0.068302 0.996188 0.000000 0.000000 0.000000 0.000000 1.000000
0.998695 -0.010391 -0.050004 0.000000 0.013883 0.997450 0.070007 0.012700 0.049149 -0.070610 0.996292 0.000000 0.000000 0.000000 0.000000 1.000000
0.999010 -0.011168 -0.043073 0.000000 0.014472 0.996913 0.077170 0.012700 0.042078 -0.077717 0.996087 -0.000000 0.000000 0.000000 0.000000 1.000000
0.999305 -0.016017 -0.033663 0.000000 0.018715 0.996504 0.081419 0.012700 0.032241 -0.081993 0.996111 0.000000 0.000000 0.000000 0.000000 1.000000
0.999532 -0.023366 -0.019748 -0.000000 0.024890 0.996419 0.080810 0.012700 0.017789 -0.081263 0.996534 0.000000 0.000000 0.000000 0.000000 1.000000
0.999391 -0.033698 -0.009068 0.000000 0.034303 0.996374 0.077855 0.012700 0.006412 -0.078118 0.996923 -0.000000 0.000000 0.000000 0.000000 1.000000
0.999134 -0.041541 -0.002327 -0.000000 0.041597 0.996198 0.076551 0.012700 -0.000862 -0.076581 0.997063 -0.000000 0.000000 0.000000 0.000000 1.000000
0.999067 -0.043180 0.001272 0.000000 0.042951 0.996064 0.077533 0.012700 -0.004615 -0.077406 0.996989 0.000000 0.000000 0.000000 0.000000 1.000000
0.999268 -0.038144 0.002976 0.000000 0.037797 0.996244 0.077911 0.012700 -0.005937 -0.077742 0.996956 0.000000 0.000000 0.000000 0.000000 1.000000
0.999522 -0.030864 0.001563 0.000000 0.030666 0.996829 0.073427 0.012700 -0.003824 -0.073344 0.997299 0.000000 0.000000 0.000000 0.000000 1.000000
0.999702 -0.024409 -0.000910 0.000000 0.024411 0.997080 0.072363 0.012700 -0.000859 -0.072364 0.997378 0.000000 0.000000 0.000000 0.000000 1.000000
0.999734 -0.022385 -0.005556 -0.000000 0.022742 0.996863 0.075813 0.012700 0.003841 -0.075920 0.997107 0.000000 0.000000 0.000000 0.000000 1.000000
0.999656 -0.023562 -0.011543 0.000000 0.024434 0.996307 0.082307 0.012700 0.009561 -0.082560 0.996540 0.000000 0.000000 0.000000 0.000000 1.000000
0.999597 -0.023011 -0.016649 0.000000 0.024405 0.995729 0.089035 0.012700 0.014529 -0.089405 0.995889 0.000000 0.000000 0.000000 0.000000 1.000000
0.999352 -0.023601 -0.027168 0.000000 0.026071 0.995186 0.094470 0.012700 0.024808 -0.095118 0.995157 0.000000 0.000000 0.000000 0.000000 1.000000</float_array>
        <technique_common>
          <accessor source="#mixamorig_Neck-Matrix-animation-output-transform-array" count="22" stride="16">
            <param type="float4x4"/>
          </accessor>
        </technique_common>
      </source>
      <source id="mixamorig_Neck-Interpolations">
        <Name_array id="mixamorig_Neck-Interpolations-array" count="22">
 LINEAR LINEAR LINEAR LINEAR LINEAR LINEAR LINEAR LINEAR LINEAR LINEAR LINEAR
LINEAR LINEAR LINEAR LINEAR LINEAR LINEAR LINEAR LINEAR LINEAR LINEAR LINEAR</Name_array>
        <technique_common>
          <accessor source="#mixamorig_Neck-Interpolations-array" count="22">
            <param type="name"/>
          </accessor>
        </technique_common>
      </source>
      <sampler id="mixamorig_Neck-Matrix-animation-transform">
        <input semantic="INPUT" source="#mixamorig_Neck-Matrix-animation-input"/>
        <input semantic="OUTPUT" source="#mixamorig_Neck-Matrix-animation-output-transform"/>
        <input semantic="INTERPOLATION" source="#mixamorig_Neck-Interpolations"/>
      </sampler>
      <channel source="#mixamorig_Neck-Matrix-animation-transform" target="mixamorig_Neck/matrix"/>
    </animation>
    <animation id="mixamorig_Head-anim" name="mixamorig_Head">
      <source id="mixamorig_Head-Matrix-animation-input">
        <float_array id="mixamorig_Head-Matrix-animation-input-array" count="22">

0.000000 0.033333 0.066667 0.100000 0.133333 0.166667 0.200000 0.233333 0.266667 0.300000 0.333333 0.366667 0.400000 0.433333 0.466667 0.500000
0.533333 0.566667 0.600000 0.633333 0.666667 0.700000</float_array>
        <technique_common>
          <accessor source="#mixamorig_Head-Matrix-animation-input-array" count="22">
            <param name="TIME" type="float"/>
          </accessor>
        </technique_common>
      </source>
      <source id="mixamorig_Head-Matrix-animation-output-transform">
        <float_array id="mixamorig_Head-Matrix-animation-output-transform-array" count="352">

0.994802 0.066506 0.077111 0.000000 -0.092577 0.906072 0.412871 0.008900 -0.042410 -0.417863 0.907520 0.001100 0.000000 0.000000 0.000000 1.000000
0.994869 0.070715 -0.072357 0.000000 -0.036827 0.919224 0.392008 0.008900 0.094233 -0.387332 0.917112 0.001100 0.000000 0.000000 0.000000 1.000000
0.975881 0.057931 -0.210475 0.000000 0.019895 0.936533 0.350015 0.008900 0.217394 -0.345760 0.912792 0.001100 0.000000 0.000000 0.000000 1.000000
0.952601 0.034372 -0.302273 -0.000000 0.066456 0.946089 0.317015 0.008900 0.296874 -0.322077 0.898962 0.001100 0.000000 0.000000 0.000000 1.000000
0.941316 0.009958 -0.337379 0.000000 0.100119 0.946340 0.307274 0.008900 0.322335 -0.323020 0.889808 0.001100 0.000000 0.000000 0.000000 1.000000
0.943781 -0.018192 -0.330070 0.000000 0.125905 0.943009 0.308029 0.008900 0.305656 -0.332269 0.892285 0.001100 0.000000 0.000000 0.000000 1.000000
0.944821 -0.042802 -0.324777 0.000000 0.157992 0.928040 0.337314 0.008900 0.286969 -0.370014 0.883594 0.001100 0.000000 0.000000 0.000000 1.000000
0.947977 -0.079222 -0.308323 -0.000000 0.192434 0.914155 0.356776 0.008900 0.253590 -0.397547 0.881844 0.001100 0.000000 0.000000 0.000000 1.000000
0.949919 -0.119881 -0.288588 0.000000 0.226659 0.900058 0.372185 0.008900 0.215128 -0.418957 0.882154 0.001100 0.000000 0.000000 0.000000 1.000000
0.954122 -0.151838 -0.258063 -0.000000 0.246227 0.888282 0.387720 0.008900 0.170362 -0.433474 0.884916 0.001100 0.000000 0.000000 0.000000 1.000000
0.967750 -0.164595 -0.190706 0.000000 0.229715 0.887316 0.399876 0.008900 0.103399 -0.430788 0.896510 0.001100 0.000000 0.000000 0.000000 1.000000
0.981627 -0.179426 -0.064914 -0.000000 0.190252 0.894445 0.404687 0.008900 -0.014549 -0.409602 0.912148 0.001100 0.000000 0.000000 0.000000 1.000000
0.981018 -0.178598 0.075538 0.000000 0.138570 0.918154 0.371203 0.008900 -0.135652 -0.353689 0.925474 0.001100 0.000000 0.000000 0.000000 1.000000
0.968072 -0.163639 0.189891 0.000000 0.090120 0.934079 0.345507 0.008900 -0.233911 -0.317362 0.919003 0.001100 0.000000 0.000000 0.000000 1.000000
0.955336 -0.146481 0.256664 0.000000 0.049882 0.935978 0.348506 0.008900 -0.291281 -0.320137 0.901481 0.001100 0.000000 0.000000 0.000000 1.000000
0.954261 -0.118023 0.274692 -0.000000 0.012385 0.933601 0.358101 0.008900 -0.298717 -0.338320 0.892361 0.001100 0.000000 0.000000 0.000000 1.000000
0.962640 -0.084559 0.257242 0.000000 -0.019134 0.926376 0.376114 0.008900 -0.270106 -0.366985 0.890149 0.001100 0.000000 0.000000 0.000000 1.000000
0.970717 -0.061197 0.232302 0.000000 -0.036773 0.917759 0.395432 0.008900 -0.237396 -0.392395 0.888633 0.001100 0.000000 0.000000 0.000000 1.000000
0.977255 -0.027294 0.210303 0.000000 -0.063412 0.908700 0.412605 0.008900 -0.202365 -0.416556 0.886301 0.001100 0.000000 0.000000 0.000000 1.000000
0.980491 0.019626 0.195581 -0.000000 -0.102716 0.899499 0.424678 0.008900 -0.167590 -0.436482 0.883967 0.001100 0.000000 0.000000 0.000000 1.000000
0.982041 0.058966 0.179219 0.000000 -0.131612 0.894720 0.426796 0.008900 -0.135184 -0.442718 0.886412 0.001100 0.000000 0.000000 0.000000 1.000000
0.992883 0.066189 0.099008 0.000000 -0.101768 0.903356 0.416643 0.008900 -0.061863 -0.423753 0.903663 0.001100 0.000000 0.000000 0.000000 1.000000</float_array>
        <technique_common>
          <accessor source="#mixamorig_Head-Matrix-animation-output-transform-array" count="22" stride="16">
            <param type="float4x4"/>
          </accessor>
        </technique_common>
      </source>
      <source id="mixamorig_Head-Interpolations">
        <Name_array id="mixamorig_Head-Interpolations-array" count="22">
 LINEAR LINEAR LINEAR LINEAR LINEAR LINEAR LINEAR LINEAR LINEAR LINEAR LINEAR
LINEAR LINEAR LINEAR LINEAR LINEAR LINEAR LINEAR LINEAR LINEAR LINEAR LINEAR</Name_array>
        <technique_common>
          <accessor source="#mixamorig_Head-Interpolations-array" count="22">
            <param type="name"/>
          </accessor>
        </technique_common>
      </source>
      <sampler id="mixamorig_Head-Matrix-animation-transform">
        <input semantic="INPUT" source="#mixamorig_Head-Matrix-animation-input"/>
        <input semantic="OUTPUT" source="#mixamorig_Head-Matrix-animation-output-transform"/>
        <input semantic="INTERPOLATION" source="#mixamorig_Head-Interpolations"/>
      </sampler>
      <channel source="#mixamorig_Head-Matrix-animation-transform" target="mixamorig_Head/matrix"/>
    </animation>
    <animation id="mixamorig_LeftShoulder-anim" name="mixamorig_LeftShoulder">
      <source id="mixamorig_LeftShoulder-Matrix-animation-input">
        <float_array id="mixamorig_LeftShoulder-Matrix-animation-input-array" count="22">

0.000000 0.033333 0.066667 0.100000 0.133333 0.166667 0.200000 0.233333 0.266667 0.300000 0.333333 0.366667 0.400000 0.433333 0.466667 0.500000
0.533333 0.566667 0.600000 0.633333 0.666667 0.700000</float_array>
        <technique_common>
          <accessor source="#mixamorig_LeftShoulder-Matrix-animation-input-array" count="22">
            <param name="TIME" type="float"/>
          </accessor>
        </technique_common>
      </source>
      <source id="mixamorig_LeftShoulder-Matrix-animation-output-transform">
        <float_array id="mixamorig_LeftShoulder-Matrix-animation-output-transform-array" count="352">

-0.071081 0.925331 -0.372437 0.005200 0.015743 -0.372295 -0.927981 0.011800 -0.997346 -0.071825 0.011896 -0.000100 0.000000 0.000000 0.000000 1.000000
-0.067600 0.938025 -0.339912 0.005200 0.013146 -0.339824 -0.940397 0.011800 -0.997626 -0.068039 0.010640 -0.000100 0.000000 0.000000 0.000000 1.000000
-0.024340 0.945530 -0.324623 0.005200 0.012107 -0.324417 -0.945837 0.011800 -0.999630 -0.026952 -0.003551 -0.000100 0.000000 0.000000 0.000000 1.000000
0.007454 0.946241 -0.323375 0.005200 0.012022 -0.323446 -0.946170 0.011800 -0.999900 0.003165 -0.013787 -0.000100 0.000000 0.000000 0.000000 1.000000
0.007157 0.940654 -0.339292 0.005200 0.012648 -0.339359 -0.940572 0.011800 -0.999894 0.002440 -0.014326 -0.000100 0.000000 0.000000 0.000000 1.000000
-0.001470 0.925734 -0.378173 0.005200 0.014180 -0.378116 -0.925650 0.011800 -0.999898 -0.006723 -0.012571 -0.000100 0.000000 0.000000 0.000000 1.000000
0.011048 0.906401 -0.422274 0.005200 0.015250 -0.422403 -0.906280 0.011800 -0.999823 0.003573 -0.018489 -0.000100 0.000000 0.000000 0.000000 1.000000
0.022774 0.883634 -0.467624 0.005200 0.015906 -0.468006 -0.883582 0.011800 -0.999614 0.012684 -0.024713 -0.000100 0.000000 0.000000 0.000000 1.000000
0.048144 0.863710 -0.501685 0.005200 0.014075 -0.502804 -0.864286 0.011800 -0.998741 0.034549 -0.036364 -0.000100 0.000000 0.000000 0.000000 1.000000
0.092193 0.860084 -0.501752 0.005200 0.010052 -0.504676 -0.863250 0.011800 -0.995690 0.074542 -0.055173 -0.000100 0.000000 0.000000 0.000000 1.000000
0.140402 0.883832 -0.446238 0.005200 0.006881 -0.451563 -0.892213 0.011800 -0.990071 0.122198 -0.069481 -0.000100 0.000000 0.000000 0.000000 1.000000
0.132140 0.909070 -0.395133 0.005200 0.009143 -0.399730 -0.916587 0.011800 -0.991189 0.117505 -0.061132 -0.000100 0.000000 0.000000 0.000000 1.000000
0.095570 0.930044 -0.354802 0.005200 0.011104 -0.357408 -0.933882 0.011800 -0.995361 0.085311 -0.044485 -0.000100 0.000000 0.000000 0.000000 1.000000
0.044180 0.940891 -0.335816 0.005200 0.012093 -0.336623 -0.941562 0.011800 -0.998950 0.037537 -0.026250 -0.000100 0.000000 0.000000 0.000000 1.000000
0.004973 0.940278 -0.340372 0.005200 0.012501 -0.340408 -0.940195 0.011800 -0.999909 0.000420 -0.013447 -0.000100 0.000000 0.000000 0.000000 1.000000
0.011308 0.932338 -0.361411 0.005200 0.012956 -0.361541 -0.932266 0.011800 -0.999852 0.005860 -0.016168 -0.000100 0.000000 0.000000 0.000000 1.000000
0.050652 0.923044 -0.381345 0.005200 0.011968 -0.382369 -0.923932 0.011800 -0.998645 0.042235 -0.030414 -0.000100 0.000000 0.000000 0.000000 1.000000
0.046460 0.911202 -0.409331 0.005200 0.012464 -0.410271 -0.911879 0.011800 -0.998842 0.037264 -0.030419 -0.000100 0.000000 0.000000 0.000000 1.000000
0.019162 0.903938 -0.427233 0.005200 0.014058 -0.427513 -0.903900 0.011800 -0.999718 0.011314 -0.020900 -0.000100 0.000000 0.000000 0.000000 1.000000
-0.010724 0.905520 -0.424167 0.005200 0.015664 -0.423987 -0.905533 0.011800 -0.999820 -0.016356 -0.009638 -0.000100 0.000000 0.000000 0.000000 1.000000
-0.037319 0.914743 -0.402309 0.005200 0.016148 -0.401985 -0.915504 0.011800 -0.999173 -0.040662 0.000230 -0.000100 0.000000 0.000000 0.000000 1.000000
-0.064329 0.923342 -0.378552 0.005200 0.015843 -0.378345 -0.925529 0.011800 -0.997803 -0.065536 0.009711 -0.000100 0.000000 0.000000 0.000000 1.000000</float_array>
        <technique_common>
          <accessor source="#mixamorig_LeftShoulder-Matrix-animation-output-transform-array" count="22" stride="16">
            <param type="float4x4"/>
          </accessor>
        </technique_common>
      </source>
      <source id="mixamorig_LeftShoulder-Interpolations">
        <Name_array id="mixamorig_LeftShoulder-Interpolations-array" count="22">
 LINEAR LINEAR LINEAR LINEAR LINEAR LINEAR LINEAR LINEAR LINEAR LINEAR LINEAR
LINEAR LINEAR LINEAR LINEAR LINEAR LINEAR LINEAR LINEAR LINEAR LINEAR LINEAR</Name_array>
        <technique_common>
          <accessor source="#mixamorig_LeftShoulder-Interpolations-array" count="22">
            <param type="name"/>
          </accessor>
        </technique_common>
      </source>
      <sampler id="mixamorig_LeftShoulder-Matrix-animation-transform">
        <input semantic="INPUT" source="#mixamorig_LeftShoulder-Matrix-animation-input"/>
        <input semantic="OUTPUT" source="#mixamorig_LeftShoulder-Matrix-animation-output-transform"/>
        <input semantic="INTERPOLATION" source="#mixamorig_LeftShoulder-Interpolations"/>
      </sampler>
      <channel source="#mixamorig_LeftShoulder-Matrix-animation-transform" target="mixamorig_LeftShoulder/matrix"/>
    </animation>
    <animation id="mixamorig_LeftArm-anim" name="mixamorig_LeftArm">
      <source id="mixamorig_LeftArm-Matrix-animation-input">
        <float_array id="mixamorig_LeftArm-Matrix-animation-input-array" count="22">

0.000000 0.033333 0.066667 0.100000 0.133333 0.166667 0.200000 0.233333 0.266667 0.300000 0.333333 0.366667 0.400000 0.433333 0.466667 0.500000
0.533333 0.566667 0.600000 0.633333 0.666667 0.700000</float_array>
        <technique_common>
          <accessor source="#mixamorig_LeftArm-Matrix-animation-input-array" count="22">
            <param name="TIME" type="float"/>
          </accessor>
        </technique_common>
      </source>
      <source id="mixamorig_LeftArm-Matrix-animation-output-transform">
        <float_array id="mixamorig_LeftArm-Matrix-animation-output-transform-array" count="352">

0.695337 0.715236 0.070313 -0.000000 -0.401598 0.467824 -0.787312 0.010700 -0.596008 0.519209 0.612533 0.000000 0.000000 0.000000 0.000000 1.000000
0.557010 0.821557 0.121587 -0.000000 -0.512656 0.455307 -0.727928 0.010700 -0.653394 0.343131 0.674787 0.000000 0.000000 0.000000 0.000000 1.000000
0.449024 0.872006 0.194890 0.000000 -0.597990 0.455342 -0.659599 0.010700 -0.663916 0.179633 0.725911 0.000000 0.000000 0.000000 0.000000 1.000000
0.410244 0.873001 0.263761 0.000000 -0.620821 0.479195 -0.620447 0.010700 -0.668043 0.090787 0.738563 0.000000 0.000000 0.000000 0.000000 1.000000
0.455591 0.840562 0.293074 0.000000 -0.580952 0.530202 -0.617560 0.010700 -0.674486 0.111093 0.729882 0.000000 0.000000 0.000000 0.000000 1.000000
0.563260 0.779411 0.274329 0.000000 -0.505343 0.587618 -0.631928 0.010700 -0.653733 0.217309 0.724852 0.000000 0.000000 0.000000 0.000000 1.000000
0.738494 0.624778 0.253532 -0.000000 -0.369442 0.689491 -0.622989 0.010700 -0.564038 0.366408 0.740004 0.000000 0.000000 0.000000 0.000000 1.000000
0.905128 0.345367 0.247923 0.000000 -0.139724 0.792417 -0.593761 0.010700 -0.401524 0.502789 0.765495 0.000000 0.000000 0.000000 0.000000 1.000000
0.968311 -0.013623 0.249374 -0.000000 0.149138 0.832470 -0.533621 0.010700 -0.200327 0.553903 0.808122 0.000000 0.000000 0.000000 0.000000 1.000000
0.919958 -0.339765 0.195540 0.000000 0.392013 0.795490 -0.462083 0.010700 0.001449 0.501752 0.865010 0.000000 0.000000 0.000000 0.000000 1.000000
