<?xml version="1.0" encoding="utf-8"?>
<COLLADA xmlns="http://www.collada.org/2005/11/COLLADASchema" version="1.4.1">
  <asset>
    <contributor>
      <author>Mixamo</author>
      <authoring_tool>COLLADA Mixamo exporter</authoring_tool>
      <comments/>
    </contributor>
    <created>2026-05-01T17:18:27Z</created>
    <modified>2026-05-01T17:18:27Z</modified>
    <revision/>
    <title/>
    <unit meter="0.010000"/>
    <up_axis>Y_UP</up_axis>
  </asset>
  <library_animations>
    <animation id="mixamorig_Hips-anim" name="mixamorig_Hips">
      <source id="mixamorig_Hips-Matrix-animation-input">
        <float_array id="mixamorig_Hips-Matrix-animation-input-array" count="37">

0.000000 0.033333 0.066667 0.100000 0.133333 0.166667 0.200000 0.233333 0.266667 0.300000 0.333333 0.366667 0.400000 0.433333 0.466667 0.500000
0.533333 0.566667 0.600000 0.633333 0.666667 0.700000 0.733333 0.766667 0.800000 0.833333 0.866667 0.900000 0.933333 0.966667 1.000000 1.033333
1.066667 1.100000 1.133333 1.166667 1.200000</float_array>
        <technique_common>
          <accessor source="#mixamorig_Hips-Matrix-animation-input-array" count="37">
            <param name="TIME" type="float"/>
          </accessor>
        </technique_common>
      </source>
      <source id="mixamorig_Hips-Matrix-animation-output-transform">
        <float_array id="mixamorig_Hips-Matrix-animation-output-transform-array" count="592">

0.999474 -0.011152 0.030455 -0.000031 0.007213 0.991939 0.126513 0.124318 -0.031620 -0.126227 0.991497 0.000232 0.000000 0.000000 0.000000 1.000000
0.998424 -0.016145 0.053754 -0.000285 0.008512 0.990214 0.139297 0.123925 -0.055477 -0.138620 0.988791 0.001673 0.000000 0.000000 0.000000 1.000000
0.996917 -0.013972 0.077210 -0.000473 0.002119 0.988452 0.151517 0.123117 -0.078436 -0.150887 0.985434 0.003004 0.000000 0.000000 0.000000 1.000000
0.995065 -0.008449 0.098869 -0.000580 -0.007833 0.986570 0.163149 0.122145 -0.098920 -0.163118 0.981635 0.004233 0.000000 0.000000 0.000000 1.000000
0.992997 -0.004058 0.118071 -0.000587 -0.016711 0.984537 0.174381 0.121248 -0.116953 -0.175133 0.977574 0.005303 0.000000 0.000000 0.000000 1.000000
0.990680 -0.003882 0.136157 -0.000459 -0.021538 0.982553 0.184731 0.120529 -0.134499 -0.185942 0.973312 0.006042 0.000000 0.000000 0.000000 1.000000
0.987524 -0.008450 0.157241 -0.000118 -0.021832 0.981568 0.189863 0.119854 -0.155947 -0.190927 0.969137 0.006028 0.000000 0.000000 0.000000 1.000000
0.983594 -0.015568 0.179724 0.000481 -0.018503 0.982309 0.186350 0.119395 -0.179446 -0.186618 0.965905 0.005006 0.000000 0.000000 0.000000 1.000000
0.979603 -0.025530 0.199315 0.001295 -0.010133 0.984358 0.175888 0.119126 -0.200688 -0.174320 0.964021 0.003122 0.000000 0.000000 0.000000 1.000000
0.976237 -0.042480 0.212500 0.002187 0.007241 0.986445 0.163935 0.118929 -0.216583 -0.158501 0.963312 0.000786 0.000000 0.000000 0.000000 1.000000
0.973482 -0.071677 0.217247 0.002977 0.037536 0.986823 0.157386 0.118637 -0.225665 -0.145058 0.963345 -0.001443 0.000000 0.000000 0.000000 1.000000
0.971589 -0.102364 0.213391 0.003665 0.070207 0.985701 0.153181 0.118155 -0.226020 -0.133847 0.964883 -0.003313 0.000000 0.000000 0.000000 1.000000
0.972535 -0.114468 0.202664 0.004341 0.086187 0.985923 0.143271 0.118189 -0.216211 -0.121869 0.968711 -0.004918 0.000000 0.000000 0.000000 1.000000
0.979540 -0.096995 0.176333 0.005076 0.073741 0.988239 0.133963 0.119197 -0.187253 -0.118219 0.975172 -0.005986 0.000000 0.000000 0.000000 1.000000
0.989411 -0.054684 0.134447 0.005824 0.036896 0.990643 0.131398 0.121089 -0.140374 -0.125046 0.982170 -0.006331 0.000000 0.000000 0.000000 1.000000
0.996033 -0.007463 0.088675 0.006425 -0.004664 0.990729 0.135775 0.123228 -0.088866 -0.135650 0.986763 -0.005946 0.000000 0.000000 0.000000 1.000000
0.998229 0.022108 0.055227 0.006701 -0.029654 0.989738 0.139785 0.124711 -0.051570 -0.141175 0.988641 -0.005036 0.000000 0.000000 0.000000 1.000000
0.998550 0.046212 0.027611 0.006821 -0.049769 0.987984 0.146322 0.125476 -0.020517 -0.147484 0.988852 -0.003834 0.000000 0.000000 0.000000 1.000000
0.997911 0.064462 0.004169 0.006829 -0.064335 0.985980 0.153965 0.125650 0.005815 -0.153911 0.988068 -0.002501 0.000000 0.000000 0.000000 1.000000
0.997098 0.074554 -0.015417 0.006749 -0.071107 0.984344 0.161279 0.125345 0.027199 -0.159715 0.986788 -0.001135 0.000000 0.000000 0.000000 1.000000
0.996748 0.074515 -0.030662 0.006603 -0.068368 0.983484 0.167588 0.124644 0.042643 -0.164946 0.985380 0.000232 0.000000 0.000000 0.000000 1.000000
0.996796 0.067683 -0.042630 0.006473 -0.059320 0.983016 0.173667 0.123790 0.053660 -0.170582 0.983881 0.001605 0.000000 0.000000 0.000000 1.000000
0.996698 0.058299 -0.056511 0.006344 -0.047411 0.982919 0.177827 0.122867 0.065913 -0.174560 0.982438 0.002803 0.000000 0.000000 0.000000 1.000000
0.995922 0.049953 -0.075128 0.006179 -0.035927 0.983440 0.177639 0.121829 0.082757 -0.174216 0.981224 0.003581 0.000000 0.000000 0.000000 1.000000
0.994213 0.045882 -0.097134 0.005936 -0.028585 0.984595 0.172498 0.120775 0.103553 -0.168723 0.980209 0.003815 0.000000 0.000000 0.000000 1.000000
0.991867 0.049074 -0.117437 0.005590 -0.029373 0.986030 0.163959 0.119935 0.123843 -0.159176 0.979452 0.003518 0.000000 0.000000 0.000000 1.000000
0.989604 0.062303 -0.129626 0.005213 -0.042082 0.987289 0.153261 0.119358 0.137527 -0.146213 0.979647 0.002708 0.000000 0.000000 0.000000 1.000000
0.986741 0.087919 -0.136426 0.004800 -0.068945 0.988022 0.138058 0.118804 0.146930 -0.126821 0.980983 0.001219 0.000000 0.000000 0.000000 1.000000
0.982125 0.122723 -0.142720 0.004309 -0.105570 0.986884 0.122129 0.118284 0.155836 -0.104879 0.982199 -0.000638 0.000000 0.000000 0.000000 1.000000
0.976312 0.157397 -0.148465 0.003761 -0.142258 0.983957 0.107659 0.117897 0.163029 -0.083988 0.983040 -0.002527 0.000000 0.000000 0.000000 1.000000
0.972737 0.178515 -0.148040 0.003237 -0.165833 0.981655 0.094085 0.117842 0.162120 -0.066970 0.984496 -0.004170 0.000000 0.000000 0.000000 1.000000
0.975642 0.173755 -0.133910 0.002763 -0.163309 0.982865 0.085477 0.118682 0.146467 -0.061526 0.987300 -0.005345 0.000000 0.000000 0.000000 1.000000
0.982773 0.150068 -0.107873 0.002219 -0.141333 0.986345 0.084551 0.119946 0.119089 -0.067849 0.990563 -0.005508 0.000000 0.000000 0.000000 1.000000
0.990511 0.114946 -0.075335 0.001632 -0.108126 0.990137 0.089093 0.121313 0.084833 -0.080102 0.993170 -0.004781 0.000000 0.000000 0.000000 1.000000
0.996376 0.074679 -0.040728 0.001062 -0.070423 0.992745 0.097452 0.122596 0.047711 -0.094231 0.994406 -0.003457 0.000000 0.000000 0.000000 1.000000
0.999410 0.033653 -0.006795 0.000566 -0.032709 0.993468 0.109324 0.123707 0.010430 -0.109038 0.993983 -0.001872 0.000000 0.000000 0.000000 1.000000
0.999729 -0.002215 0.023189 0.000088 -0.000651 0.992426 0.122844 0.124209 -0.023286 -0.122826 0.992155 -0.000191 0.000000 0.000000 0.000000 1.000000</float_array>
        <technique_common>
          <accessor source="#mixamorig_Hips-Matrix-animation-output-transform-array" count="37" stride="16">
            <param type="float4x4"/>
          </accessor>
        </technique_common>
      </source>
      <source id="mixamorig_Hips-Interpolations">
        <Name_array id="mixamorig_Hips-Interpolations-array" count="37">
 LINEAR LINEAR LINEAR LINEAR LINEAR LINEAR LINEAR LINEAR LINEAR LINEAR LINEAR
LINEAR LINEAR LINEAR LINEAR LINEAR LINEAR LINEAR LINEAR LINEAR LINEAR LINEAR LINEAR
LINEAR LINEAR LINEAR LINEAR LINEAR LINEAR LINEAR LINEAR LINEAR LINEAR LINEAR LINEAR
LINEAR LINEAR</Name_array>
        <technique_common>
          <accessor source="#mixamorig_Hips-Interpolations-array" count="37">
            <param type="name"/>
          </accessor>
        </technique_common>
      </source>
      <sampler id="mixamorig_Hips-Matrix-animation-transform">
        <input semantic="INPUT" source="#mixamorig_Hips-Matrix-animation-input"/>
        <input semantic="OUTPUT" source="#mixamorig_Hips-Matrix-animation-output-transform"/>
        <input semantic="INTERPOLATION" source="#mixamorig_Hips-Interpolations"/>
      </sampler>
      <channel source="#mixamorig_Hips-Matrix-animation-transform" target="mixamorig_Hips/matrix"/>
    </animation>
    <animation id="mixamorig_Spine-anim" name="mixamorig_Spine">
      <source id="mixamorig_Spine-Matrix-animation-input">
        <float_array id="mixamorig_Spine-Matrix-animation-input-array" count="37">

0.000000 0.033333 0.066667 0.100000 0.133333 0.166667 0.200000 0.233333 0.266667 0.300000 0.333333 0.366667 0.400000 0.433333 0.466667 0.500000
0.533333 0.566667 0.600000 0.633333 0.666667 0.700000 0.733333 0.766667 0.800000 0.833333 0.866667 0.900000 0.933333 0.966667 1.000000 1.033333
1.066667 1.100000 1.133333 1.166667 1.200000</float_array>
        <technique_common>
          <accessor source="#mixamorig_Spine-Matrix-animation-input-array" count="37">
            <param name="TIME" type="float"/>
          </accessor>
        </technique_common>
      </source>
      <source id="mixamorig_Spine-Matrix-animation-output-transform">
        <float_array id="mixamorig_Spine-Matrix-animation-output-transform-array" count="592">

0.996584 -0.003152 0.082521 0.000000 0.020385 0.977739 -0.208832 0.008500 -0.080026 0.209801 0.974464 -0.000300 0.000000 0.000000 0.000000 1.000000
0.998090 -0.010080 0.060949 0.000000 0.021921 0.980185 -0.196865 0.008500 -0.057757 0.197825 0.978534 -0.000300 0.000000 0.000000 0.000000 1.000000
0.999187 -0.025070 0.031562 -0.000000 0.030499 0.982198 -0.185358 0.008500 -0.026353 0.186170 0.982164 -0.000300 0.000000 0.000000 0.000000 1.000000
0.999204 -0.039736 -0.003496 0.000000 0.038512 0.983828 -0.174928 0.008500 0.010391 0.174655 0.984575 -0.000300 0.000000 0.000000 0.000000 1.000000
0.997922 -0.048151 -0.042811 -0.000000 0.040391 0.985200 -0.166583 0.008500 0.050199 0.164508 0.985098 -0.000300 0.000000 0.000000 0.000000 1.000000
0.995027 -0.049762 -0.086288 0.000000 0.035252 0.986130 -0.162187 0.008500 0.093162 0.158338 0.982980 -0.000300 0.000000 0.000000 0.000000 1.000000
0.990933 -0.046120 -0.126192 -0.000000 0.025029 0.986164 -0.163874 0.008500 0.132004 0.159229 0.978377 -0.000300 0.000000 0.000000 0.000000 1.000000
0.987162 -0.037366 -0.155288 0.000000 0.010378 0.985201 -0.171088 0.008500 0.159383 0.167280 0.972941 -0.000300 0.000000 0.000000 0.000000 1.000000
0.984356 -0.029767 -0.173655 0.000000 -0.002619 0.983043 -0.183355 0.008500 0.176169 0.180941 0.967587 -0.000300 0.000000 0.000000 0.000000 1.000000
0.982506 -0.016118 -0.185532 0.000000 -0.021596 0.979665 -0.199473 0.008500 0.184974 0.199990 0.962179 -0.000300 0.000000 0.000000 0.000000 1.000000
0.980049 0.019301 -0.197818 0.000000 -0.062911 0.974227 -0.216621 0.008500 0.188538 0.224744 0.956004 -0.000300 0.000000 0.000000 0.000000 1.000000
0.976888 0.056367 -0.206187 0.000000 -0.104787 0.967031 -0.232102 0.008500 0.186306 0.248343 0.950587 -0.000300 0.000000 0.000000 0.000000 1.000000
0.973748 0.079789 -0.213186 0.000000 -0.130725 0.962728 -0.236783 0.008500 0.186347 0.258436 0.947885 -0.000300 0.000000 0.000000 0.000000 1.000000
0.977711 0.070981 -0.197594 0.000000 -0.119672 0.961677 -0.246688 0.008500 0.172512 0.264836 0.948737 -0.000300 0.000000 0.000000 0.000000 1.000000
0.987202 0.033451 -0.155929 0.000000 -0.074094 0.962025 -0.262713 0.008500 0.141220 0.270904 0.952191 -0.000300 0.000000 0.000000 0.000000 1.000000
0.994232 -0.007844 -0.106964 -0.000000 -0.021499 0.962504 -0.270414 0.008500 0.105075 0.271154 0.956784 -0.000300 0.000000 0.000000 0.000000 1.000000
0.996843 -0.025230 -0.075288 -0.000000 0.004329 0.964036 -0.265738 0.008500 0.079285 0.264573 0.961101 -0.000300 0.000000 0.000000 0.000000 1.000000
0.998428 -0.034969 -0.043801 -0.000000 0.022553 0.966095 -0.257201 0.008500 0.051309 0.255809 0.965365 -0.000300 0.000000 0.000000 0.000000 1.000000
0.999174 -0.038756 -0.012246 0.000000 0.034552 0.968598 -0.246218 0.008500 0.021403 0.245591 0.969137 -0.000300 0.000000 0.000000 0.000000 1.000000
0.999227 -0.035257 0.017411 -0.000000 0.038352 0.971570 -0.233625 0.008500 -0.008679 0.234112 0.972171 -0.000300 0.000000 0.000000 0.000000 1.000000
0.998770 -0.022699 0.044090 -0.000000 0.031885 0.974893 -0.220378 0.008500 -0.037981 0.221512 0.974418 -0.000300 0.000000 0.000000 0.000000 1.000000
0.997204 -0.007582 0.074343 0.000000 0.022869 0.978073 -0.207004 0.008500 -0.071143 0.208126 0.975511 -0.000300 0.000000 0.000000 0.000000 1.000000
0.993681 0.007959 0.111954 -0.000000 0.013902 0.981073 -0.193137 0.008500 -0.111372 0.193474 0.974764 -0.000300 0.000000 0.000000 0.000000 1.000000
0.987425 0.021601 0.156607 0.000000 0.007191 0.983459 -0.180987 0.008500 -0.157926 0.179837 0.970937 -0.000300 0.000000 0.000000 0.000000 1.000000
0.978938 0.030987 0.201792 0.000000 0.004530 0.984874 -0.173211 0.008500 -0.204107 0.170477 0.963991 -0.000300 0.000000 0.000000 0.000000 1.000000
0.970802 0.033279 0.237562 -0.000000 0.008219 0.985134 -0.171593 0.008500 -0.239741 0.168535 0.956096 -0.000300 0.000000 0.000000 0.000000 1.000000
0.963852 0.019371 0.265735 -0.000000 0.027202 0.984988 -0.170465 0.008500 -0.265047 0.171531 0.948856 -0.000300 0.000000 0.000000 0.000000 1.000000
0.957866 -0.012713 0.286933 0.000000 0.064529 0.983006 -0.171861 0.008500 -0.279872 0.183135 0.942408 -0.000300 0.000000 0.000000 0.000000 1.000000
0.951110 -0.056559 0.303630 0.000000 0.113847 0.978065 -0.174433 0.008500 -0.287104 0.200472 0.936687 -0.000300 0.000000 0.000000 0.000000 1.000000
0.943150 -0.102159 0.316277 0.000000 0.164034 0.970696 -0.175617 0.008500 -0.289068 0.217514 0.932270 -0.000300 0.000000 0.000000 0.000000 1.000000
0.936981 -0.137002 0.321398 0.000000 0.200753 0.964005 -0.174336 0.008500 -0.285945 0.227871 0.930758 -0.000300 0.000000 0.000000 0.000000 1.000000
0.940627 -0.141595 0.308498 -0.000000 0.205817 0.960628 -0.186635 0.008500 -0.269925 0.239048 0.932736 -0.000300 0.000000 0.000000 0.000000 1.000000
0.956862 -0.118888 0.265106 0.000000 0.176031 0.963134 -0.203436 0.008500 -0.231146 0.241326 0.942514 -0.000300 0.000000 0.000000 0.000000 1.000000
0.972304 -0.087325 0.216793 -0.000000 0.134215 0.968003 -0.212032 0.008500 -0.191340 0.235256 0.952913 -0.000300 0.000000 0.000000 0.000000 1.000000
0.982729 -0.057672 0.175832 -0.000000 0.095056 0.972577 -0.212271 0.008500 -0.158768 0.225319 0.961262 -0.000300 0.000000 0.000000 0.000000 1.000000
0.990514 -0.030608 0.133956 0.000000 0.058709 0.975682 -0.211181 0.008500 -0.124235 0.217042 0.968224 -0.000300 0.000000 0.000000 0.000000 1.000000
0.995648 -0.008581 0.092794 0.000000 0.027954 0.977399 -0.209547 0.008500 -0.088898 0.211229 0.973385 -0.000300 0.000000 0.000000 0.000000 1.000000</float_array>
        <technique_common>
          <accessor source="#mixamorig_Spine-Matrix-animation-output-transform-array" count="37" stride="16">
            <param type="float4x4"/>
          </accessor>
        </technique_common>
      </source>
      <source id="mixamorig_Spine-Interpolations">
        <Name_array id="mixamorig_Spine-Interpolations-array" count="37">
 LINEAR LINEAR LINEAR LINEAR LINEAR LINEAR LINEAR LINEAR LINEAR LINEAR LINEAR
LINEAR LINEAR LINEAR LINEAR LINEAR LINEAR LINEAR LINEAR LINEAR LINEAR LINEAR LINEAR
LINEAR LINEAR LINEAR LINEAR LINEAR LINEAR LINEAR LINEAR LINEAR LINEAR LINEAR LINEAR
LINEAR LINEAR</Name_array>
        <technique_common>
          <accessor source="#mixamorig_Spine-Interpolations-array" count="37">
            <param type="name"/>
          </accessor>
        </technique_common>
      </source>
      <sampler id="mixamorig_Spine-Matrix-animation-transform">
        <input semantic="INPUT" source="#mixamorig_Spine-Matrix-animation-input"/>
        <input semantic="OUTPUT" source="#mixamorig_Spine-Matrix-animation-output-transform"/>
        <input semantic="INTERPOLATION" source="#mixamorig_Spine-Interpolations"/>
      </sampler>
      <channel source="#mixamorig_Spine-Matrix-animation-transform" target="mixamorig_Spine/matrix"/>
    </animation>
    <animation id="mixamorig_Spine1-anim" name="mixamorig_Spine1">
      <source id="mixamorig_Spine1-Matrix-animation-input">
        <float_array id="mixamorig_Spine1-Matrix-animation-input-array" count="37">

0.000000 0.033333 0.066667 0.100000 0.133333 0.166667 0.200000 0.233333 0.266667 0.300000 0.333333 0.366667 0.400000 0.433333 0.466667 0.500000
0.533333 0.566667 0.600000 0.633333 0.666667 0.700000 0.733333 0.766667 0.800000 0.833333 0.866667 0.900000 0.933333 0.966667 1.000000 1.033333
1.066667 1.100000 1.133333 1.166667 1.200000</float_array>
        <technique_common>
          <accessor source="#mixamorig_Spine1-Matrix-animation-input-array" count="37">
            <param name="TIME" type="float"/>
          </accessor>
        </technique_common>
      </source>
      <source id="mixamorig_Spine1-Matrix-animation-output-transform">
        <float_array id="mixamorig_Spine1-Matrix-animation-output-transform-array" count="592">

0.999582 0.008873 0.027528 0.000000 -0.005003 0.990475 -0.137603 0.009900 -0.028486 0.137408 0.990105 -0.000000 0.000000 0.000000 0.000000 1.000000
0.999724 0.007489 0.022270 -0.000000 -0.004374 0.990593 -0.136769 0.009900 -0.023085 0.136634 0.990353 0.000000 0.000000 0.000000 0.000000 1.000000
0.999872 0.004858 0.015219 -0.000000 -0.002735 0.990627 -0.136565 0.009900 -0.015740 0.136506 0.990514 0.000000 0.000000 0.000000 0.000000 1.000000
0.999973 0.001931 0.007155 0.000000 -0.000935 0.990614 -0.136682 0.009900 -0.007352 0.136672 0.990589 -0.000000 0.000000 0.000000 0.000000 1.000000
0.999999 -0.000377 -0.001397 0.000000 0.000181 0.990555 -0.137115 0.009900 0.001435 0.137115 0.990554 0.000000 0.000000 0.000000 0.000000 1.000000
0.999945 -0.001627 -0.010381 0.000000 0.000177 0.990408 -0.138177 0.009900 0.010506 0.138167 0.990353 -0.000000 0.000000 0.000000 0.000000 1.000000
0.999824 -0.002044 -0.018652 0.000000 -0.000575 0.990251 -0.139296 0.009900 0.018754 0.139282 0.990075 -0.000000 0.000000 0.000000 0.000000 1.000000
0.999694 -0.001108 -0.024701 -0.000000 -0.002362 0.990149 -0.139998 0.009900 0.024613 0.140013 0.989844 0.000000 0.000000 0.000000 0.000000 1.000000
0.999606 -0.000835 -0.028050 0.000000 -0.003088 0.990213 -0.139532 0.009900 0.027892 0.139563 0.989820 0.000000 0.000000 0.000000 0.000000 1.000000
0.999589 -0.002922 -0.028503 0.000000 -0.001070 0.990287 -0.139033 0.009900 0.028633 0.139006 0.989878 -0.000000 0.000000 0.000000 0.000000 1.000000
0.999628 -0.007760 -0.026143 0.000000 0.004002 0.990023 -0.140850 0.009900 0.026975 0.140693 0.989686 0.000000 0.000000 0.000000 0.000000 1.000000
0.999698 -0.011145 -0.021921 0.000000 0.007901 0.989713 -0.142850 0.009900 0.023287 0.142633 0.989502 0.000000 0.000000 0.000000 0.000000 1.000000
0.999738 -0.013669 -0.018377 -0.000000 0.010904 0.989673 -0.142925 0.009900 0.020141 0.142687 0.989563 0.000000 0.000000 0.000000 0.000000 1.000000
0.999792 -0.013852 -0.014967 -0.000000 0.011579 0.989731 -0.142474 0.009900 0.016787 0.142271 0.989685 0.000000 0.000000 0.000000 0.000000 1.000000
0.999875 -0.011348 -0.011032 0.000000 0.009663 0.989772 -0.142330 0.009900 0.012535 0.142206 0.989758 0.000000 0.000000 0.000000 0.000000 1.000000
0.999951 -0.007604 -0.006294 0.000000 0.006632 0.989815 -0.142207 0.009900 0.007312 0.142158 0.989817 0.000000 0.000000 0.000000 0.000000 1.000000
0.999972 -0.007484 -0.000818 -0.000000 0.007293 0.989922 -0.141424 0.009900 0.001869 0.141414 0.989949 0.000000 0.000000 0.000000 0.000000 1.000000
0.999955 -0.007742 0.005483 0.000000 0.008435 0.990063 -0.140374 0.009900 -0.004341 0.140414 0.990083 0.000000 0.000000 0.000000 0.000000 1.000000
0.999894 -0.007888 0.012270 0.000000 0.009520 0.990221 -0.139182 0.009900 -0.011053 0.139284 0.990191 0.000000 0.000000 0.000000 0.000000 1.000000
0.999790 -0.007522 0.019079 -0.000000 0.010088 0.990354 -0.138192 0.009900 -0.017855 0.138355 0.990222 0.000000 0.000000 0.000000 0.000000 1.000000
0.999655 -0.006093 0.025564 -0.000000 0.009563 0.990399 -0.137910 0.009900 -0.024478 0.138107 0.990115 0.000000 0.000000 0.000000 0.000000 1.000000
0.999461 -0.003306 0.032663 -0.000000 0.007798 0.990350 -0.138372 0.009900 -0.031890 0.138553 0.989842 0.000000 0.000000 0.000000 0.000000 1.000000
0.999159 0.000283 0.041013 -0.000000 0.005398 0.990369 -0.138351 0.009900 -0.040657 0.138456 0.989534 -0.000000 0.000000 0.000000 0.000000 1.000000
0.998712 0.003229 0.050626 0.000000 0.003746 0.990552 -0.137090 0.009900 -0.050591 0.137103 0.989264 0.000000 0.000000 0.000000 0.000000 1.000000
0.998173 0.005277 0.060197 0.000000 0.002889 0.990872 -0.134775 0.009900 -0.060359 0.134703 0.989046 0.000000 0.000000 0.000000 0.000000 1.000000
0.997687 0.007264 0.067587 -0.000000 0.001761 0.991179 -0.132520 0.009900 -0.067953 0.132333 0.988873 -0.000000 0.000000 0.000000 0.000000 1.000000
0.997277 0.007782 0.073328 0.000000 0.001927 0.991325 -0.131421 0.009900 -0.073715 0.131204 0.988611 0.000000 0.000000 0.000000 0.000000 1.000000
0.997059 0.007282 0.076293 -0.000000 0.002870 0.991231 -0.132111 0.009900 -0.076586 0.131942 0.988294 0.000000 0.000000 0.000000 0.000000 1.000000
0.997088 0.007913 0.075853 0.000000 0.002270 0.991081 -0.133240 0.009900 -0.076231 0.133025 0.988177 -0.000000 0.000000 0.000000 0.000000 1.000000
0.997311 0.010312 0.072563 0.000000 -0.000511 0.991007 -0.133808 0.009900 -0.073290 0.133411 0.988347 0.000000 0.000000 0.000000 0.000000 1.000000
0.997601 0.013206 0.067956 0.000000 -0.004014 0.991018 -0.133671 0.009900 -0.069111 0.133077 0.988693 0.000000 0.000000 0.000000 0.000000 1.000000
0.997967 0.014825 0.061983 -0.000000 -0.006365 0.990891 -0.134515 0.009900 -0.063412 0.133847 0.988971 0.000000 0.000000 0.000000 0.000000 1.000000
0.998063 0.006314 0.061895 0.000000 0.001911 0.991257 -0.131933 0.009900 -0.062187 0.131796 0.989324 0.000000 0.000000 0.000000 0.000000 1.000000
0.998182 -0.000197 0.060267 0.000000 0.008042 0.991487 -0.129959 0.009900 -0.059729 0.130207 0.989686 -0.000000 0.000000 0.000000 0.000000 1.000000
0.998585 0.000697 0.053182 0.000000 0.006276 0.991384 -0.130834 0.009900 -0.052815 0.130982 0.989977 0.000000 0.000000 0.000000 0.000000 1.000000
0.999094 0.004708 0.042299 0.000000 0.000987 0.991031 -0.133625 0.009900 -0.042549 0.133546 0.990129 0.000000 0.000000 0.000000 0.000000 1.000000
0.999502 0.008054 0.030512 0.000000 -0.003806 0.990590 -0.136807 0.009900 -0.031327 0.136622 0.990128 0.000000 0.000000 0.000000 0.000000 1.000000</float_array>
        <technique_common>
          <accessor source="#mixamorig_Spine1-Matrix-animation-output-transform-array" count="37" stride="16">
            <param type="float4x4"/>
          </accessor>
        </technique_common>
      </source>
      <source id="mixamorig_Spine1-Interpolations">
        <Name_array id="mixamorig_Spine1-Interpolations-array" count="37">
 LINEAR LINEAR LINEAR LINEAR LINEAR LINEAR LINEAR LINEAR LINEAR LINEAR LINEAR
LINEAR LINEAR LINEAR LINEAR LINEAR LINEAR LINEAR LINEAR LINEAR LINEAR LINEAR LINEAR
LINEAR LINEAR LINEAR LINEAR LINEAR LINEAR LINEAR LINEAR LINEAR LINEAR LINEAR LINEAR
LINEAR LINEAR</Name_array>
        <technique_common>
          <accessor source="#mixamorig_Spine1-Interpolations-array" count="37">
            <param type="name"/>
          </accessor>
        </technique_common>
      </source>
      <sampler id="mixamorig_Spine1-Matrix-animation-transform">
        <input semantic="INPUT" source="#mixamorig_Spine1-Matrix-animation-input"/>
        <input semantic="OUTPUT" source="#mixamorig_Spine1-Matrix-animation-output-transform"/>
        <input semantic="INTERPOLATION" source="#mixamorig_Spine1-Interpolations"/>
      </sampler>
      <channel source="#mixamorig_Spine1-Matrix-animation-transform" target="mixamorig_Spine1/matrix"/>
    </animation>
    <animation id="mixamorig_Spine2-anim" name="mixamorig_Spine2">
      <source id="mixamorig_Spine2-Matrix-animation-input">
        <float_array id="mixamorig_Spine2-Matrix-animation-input-array" count="37">

0.000000 0.033333 0.066667 0.100000 0.133333 0.166667 0.200000 0.233333 0.266667 0.300000 0.333333 0.366667 0.400000 0.433333 0.466667 0.500000
0.533333 0.566667 0.600000 0.633333 0.666667 0.700000 0.733333 0.766667 0.800000 0.833333 0.866667 0.900000 0.933333 0.966667 1.000000 1.033333
1.066667 1.100000 1.133333 1.166667 1.200000</float_array>
        <technique_common>
          <accessor source="#mixamorig_Spine2-Matrix-animation-input-array" count="37">
            <param name="TIME" type="float"/>
          </accessor>
        </technique_common>
      </source>
      <source id="mixamorig_Spine2-Matrix-animation-output-transform">
        <float_array id="mixamorig_Spine2-Matrix-animation-output-transform-array" count="592">

0.999514 0.006346 0.030514 -0.000000 -0.002178 0.990880 -0.134727 0.011300 -0.031090 0.134595 0.990413 0.000000 0.000000 0.000000 0.000000 1.000000
0.999669 0.004924 0.025235 0.000000 -0.001502 0.990998 -0.133868 0.011300 -0.025667 0.133786 0.990678 -0.000000 0.000000 0.000000 0.000000 1.000000
0.999832 0.002262 0.018203 0.000000 0.000191 0.991032 -0.133621 0.011300 -0.018342 0.133602 0.990865 -0.000000 0.000000 0.000000 0.000000 1.000000
0.999948 -0.000675 0.010148 -0.000000 0.002026 0.991021 -0.133689 0.011300 -0.009966 0.133703 0.990971 0.000000 0.000000 0.000000 0.000000 1.000000
0.999994 -0.002965 0.001576 -0.000000 0.003150 0.990965 -0.134081 0.011300 -0.001164 0.134085 0.990969 0.000000 0.000000 0.000000 0.000000 1.000000
0.999964 -0.004177 -0.007425 0.000000 0.003136 0.990825 -0.135117 0.011300 0.007922 0.135089 0.990802 -0.000000 0.000000 0.000000 0.000000 1.000000
0.999866 -0.004559 -0.015701 0.000000 0.002378 0.990673 -0.136242 0.011300 0.016176 0.136186 0.990551 0.000000 0.000000 0.000000 0.000000 1.000000
0.999757 -0.003636 -0.021759 0.000000 0.000622 0.990575 -0.136969 0.011300 0.022052 0.136922 0.990336 0.000000 0.000000 0.000000 0.000000 1.000000
0.999683 -0.003427 -0.024938 0.000000 -0.000011 0.990629 -0.136580 0.011300 0.025172 0.136537 0.990315 0.000000 0.000000 0.000000 0.000000 1.000000
0.999672 -0.005592 -0.025007 0.000000 0.002134 0.990674 -0.136237 0.011300 0.025536 0.136139 0.990361 0.000000 0.000000 0.000000 0.000000 1.000000
0.999700 -0.010457 -0.022169 0.000000 0.007293 0.990365 -0.138287 0.011300 0.023401 0.138084 0.990144 0.000000 0.000000 0.000000 0.000000 1.000000
0.999754 -0.013797 -0.017369 -0.000000 0.011222 0.990024 -0.140452 0.011300 0.019133 0.140223 0.989935 0.000000 0.000000 0.000000 0.000000 1.000000
0.999780 -0.016234 -0.013307 0.000000 0.014203 0.989962 -0.140620 0.011300 0.015456 0.140400 0.989974 0.000000 0.000000 0.000000 0.000000 1.000000
0.999821 -0.016335 -0.009518 0.000000 0.014841 0.990024 -0.140113 0.011300 0.011711 0.139947 0.990090 -0.000000 0.000000 0.000000 0.000000 1.000000
0.999891 -0.013754 -0.005363 0.000000 0.012870 0.990099 -0.139779 0.011300 0.007232 0.139695 0.990168 0.000000 0.000000 0.000000 0.000000 1.000000
0.999951 -0.009901 -0.000521 0.000000 0.009732 0.990183 -0.139435 0.011300 0.001897 0.139423 0.990231 0.000000 0.000000 0.000000 0.000000 1.000000
0.999940 -0.009657 0.005099 0.000000 0.010270 0.990309 -0.138503 0.011300 -0.003712 0.138547 0.990349 -0.000000 0.000000 0.000000 0.000000 1.000000
0.999885 -0.009800 0.011535 -0.000000 0.011292 0.990466 -0.137297 0.011300 -0.010079 0.137411 0.990463 0.000000 0.000000 0.000000 0.000000 1.000000
0.999781 -0.009849 0.018442 -0.000000 0.012266 0.990642 -0.135935 0.011300 -0.016931 0.136132 0.990546 0.000000 0.000000 0.000000 0.000000 1.000000
0.999634 -0.009405 0.025347 -0.000000 0.012739 0.990795 -0.134769 0.011300 -0.023846 0.135043 0.990553 0.000000 0.000000 0.000000 0.000000 1.000000
0.999460 -0.007922 0.031893 -0.000000 0.012139 0.990865 -0.134313 0.011300 -0.030538 0.134628 0.990426 0.000000 0.000000 0.000000 0.000000 1.000000
0.999225 -0.005092 0.039037 0.000000 0.010308 0.990849 -0.134581 0.011300 -0.037995 0.134879 0.990133 0.000000 0.000000 0.000000 0.000000 1.000000
0.998876 -0.001483 0.047385 -0.000000 0.007844 0.990904 -0.134342 0.011300 -0.046755 0.134563 0.989801 0.000000 0.000000 0.000000 0.000000 1.000000
0.998375 0.001487 0.056967 0.000000 0.006104 0.991120 -0.132833 0.011300 -0.056659 0.132965 0.989500 0.000000 0.000000 0.000000 0.000000 1.000000
0.997782 0.003572 0.066472 0.000000 0.005130 0.991463 -0.130287 0.011300 -0.066370 0.130339 0.989246 -0.000000 0.000000 0.000000 0.000000 1.000000
0.997262 0.005601 0.073736 -0.000000 0.003887 0.991778 -0.127914 0.011300 -0.073846 0.127851 0.989040 -0.000000 0.000000 0.000000 0.000000 1.000000
0.996830 0.006174 0.079325 -0.000000 0.003950 0.991916 -0.126837 0.011300 -0.079467 0.126748 0.988747 -0.000000 0.000000 0.000000 0.000000 1.000000
0.996603 0.005706 0.082164 -0.000000 0.004848 0.991803 -0.127683 0.011300 -0.082219 0.127647 0.988406 0.000000 0.000000 0.000000 0.000000 1.000000
0.996656 0.006434 0.081456 0.000000 0.004156 0.991612 -0.129181 0.011300 -0.081604 0.129087 0.988270 0.000000 0.000000 0.000000 0.000000 1.000000
0.996939 0.008983 0.077672 -0.000000 0.001216 0.991476 -0.130280 0.011300 -0.078180 0.129976 0.988430 0.000000 0.000000 0.000000 0.000000 1.000000
0.997303 0.011965 0.072409 0.000000 -0.002409 0.991426 -0.130645 0.011300 -0.073351 0.130119 0.988781 -0.000000 0.000000 0.000000 0.000000 1.000000
0.997741 0.013328 0.065846 0.000000 -0.004542 0.991264 -0.131814 0.011300 -0.067028 0.131217 0.989085 0.000000 0.000000 0.000000 0.000000 1.000000
0.997792 0.005849 0.066157 0.000000 0.002727 0.991667 -0.128801 0.011300 -0.066359 0.128697 0.989461 0.000000 0.000000 0.000000 0.000000 1.000000
0.997902 0.000019 0.064749 0.000000 0.008190 0.991931 -0.126514 0.011300 -0.064229 0.126778 0.989849 -0.000000 0.000000 0.000000 0.000000 1.000000
0.998360 0.000484 0.057244 0.000000 0.006832 0.991810 -0.127539 0.011300 -0.056837 0.127721 0.990180 0.000000 0.000000 0.000000 0.000000 1.000000
0.998944 0.003501 0.045801 0.000000 0.002511 0.991437 -0.130561 0.011300 -0.045866 0.130538 0.990382 -0.000000 0.000000 0.000000 0.000000 1.000000
0.999419 0.005794 0.033598 0.000000 -0.001244 0.990995 -0.133892 0.011300 -0.034071 0.133772 0.990426 0.000000 0.000000 0.000000 0.000000 1.000000</float_array>
        <technique_common>
          <accessor source="#mixamorig_Spine2-Matrix-animation-output-transform-array" count="37" stride="16">
            <param type="float4x4"/>
          </accessor>
        </technique_common>
      </source>
      <source id="mixamorig_Spine2-Interpolations">
        <Name_array id="mixamorig_Spine2-Interpolations-array" count="37">
 LINEAR LINEAR LINEAR LINEAR LINEAR LINEAR LINEAR LINEAR LINEAR LINEAR LINEAR
LINEAR LINEAR LINEAR LINEAR LINEAR LINEAR LINEAR LINEAR LINEAR LINEAR LINEAR LINEAR
LINEAR LINEAR LINEAR LINEAR LINEAR LINEAR LINEAR LINEAR LINEAR LINEAR LINEAR LINEAR
LINEAR LINEAR</Name_array>
        <technique_common>
          <accessor source="#mixamorig_Spine2-Interpolations-array" count="37">
            <param type="name"/>
          </accessor>
        </technique_common>
      </source>
      <sampler id="mixamorig_Spine2-Matrix-animation-transform">
        <input semantic="INPUT" source="#mixamorig_Spine2-Matrix-animation-input"/>
        <input semantic="OUTPUT" source="#mixamorig_Spine2-Matrix-animation-output-transform"/>
        <input semantic="INTERPOLATION" source="#mixamorig_Spine2-Interpolations"/>
      </sampler>
      <channel source="#mixamorig_Spine2-Matrix-animation-transform" target="mixamorig_Spine2/matrix"/>
    </animation>
    <animation id="mixamorig_Neck-anim" name="mixamorig_Neck">
      <source id="mixamorig_Neck-Matrix-animation-input">
        <float_array id="mixamorig_Neck-Matrix-animation-input-array" count="37">

0.000000 0.033333 0.066667 0.100000 0.133333 0.166667 0.200000 0.233333 0.266667 0.300000 0.333333 0.366667 0.400000 0.433333 0.466667 0.500000
0.533333 0.566667 0.600000 0.633333 0.666667 0.700000 0.733333 0.766667 0.800000 0.833333 0.866667 0.900000 0.933333 0.966667 1.000000 1.033333
1.066667 1.100000 1.133333 1.166667 1.200000</float_array>
        <technique_common>
          <accessor source="#mixamorig_Neck-Matrix-animation-input-array" count="37">
            <param name="TIME" type="float"/>
          </accessor>
        </technique_common>
      </source>
      <source id="mixamorig_Neck-Matrix-animation-output-transform">
        <float_array id="mixamorig_Neck-Matrix-animation-output-transform-array" count="592">

0.999855 -0.005495 -0.016093 -0.000000 0.005227 0.999849 -0.016595 0.012700 0.016182 0.016509 0.999733 0.000000 0.000000 0.000000 0.000000 1.000000
0.999910 -0.003453 -0.012929 0.000000 0.003221 0.999834 -0.017914 0.012700 0.012989 0.017871 0.999756 -0.000000 0.000000 0.000000 0.000000 1.000000
0.999960 -0.001489 -0.008774 0.000000 0.001332 0.999838 -0.017945 0.012700 0.008799 0.017933 0.999800 0.000000 0.000000 0.000000 0.000000 1.000000
0.999995 0.000415 -0.003210 0.000000 -0.000474 0.999828 -0.018558 0.012700 0.003202 0.018560 0.999823 0.000000 0.000000 0.000000 0.000000 1.000000
0.999993 0.001916 0.003232 0.000000 -0.001849 0.999792 -0.020335 0.012700 -0.003270 0.020329 0.999788 0.000000 0.000000 0.000000 0.000000 1.000000
0.999953 0.002597 0.009327 -0.000000 -0.002391 0.999754 -0.022048 0.012700 -0.009382 0.022025 0.999713 0.000000 0.000000 0.000000 0.000000 1.000000
0.999878 0.004709 0.014905 -0.000000 -0.004379 0.999746 -0.022096 0.012700 -0.015005 0.022028 0.999645 0.000000 0.000000 0.000000 0.000000 1.000000
0.999798 0.007088 0.018826 0.000000 -0.006716 0.999783 -0.019721 0.012700 -0.018962 0.019591 0.999628 0.000000 0.000000 0.000000 0.000000 1.000000
0.999728 0.009361 0.021379 0.000000 -0.009040 0.999846 -0.015068 0.012700 -0.021516 0.014871 0.999658 -0.000000 0.000000 0.000000 0.000000 1.000000
0.999661 0.011847 0.023169 0.000000 -0.011634 0.999889 -0.009273 0.012700 -0.023276 0.009000 0.999689 0.000000 0.000000 0.000000 0.000000 1.000000
0.999580 0.015045 0.024781 0.000000 -0.014943 0.999879 -0.004274 0.012700 -0.024842 0.003901 0.999684 -0.000000 0.000000 0.000000 0.000000 1.000000
0.999538 0.016258 0.025681 -0.000000 -0.016211 0.999867 -0.002031 0.012700 -0.025711 0.001614 0.999668 0.000000 0.000000 0.000000 0.000000 1.000000
0.999530 0.015169 0.026631 0.000000 -0.015119 0.999884 -0.002062 0.012700 -0.026659 0.001659 0.999643 0.000000 0.000000 0.000000 0.000000 1.000000
0.999519 0.014731 0.027282 0.000000 -0.014675 0.999890 -0.002239 0.012700 -0.027312 0.001837 0.999625 0.000000 0.000000 0.000000 0.000000 1.000000
0.999514 0.015369 0.027104 0.000000 -0.015305 0.999880 -0.002539 0.012700 -0.027140 0.002122 0.999629 0.000000 0.000000 0.000000 0.000000 1.000000
0.999561 0.014801 0.025649 0.000000 -0.014681 0.999880 -0.004856 0.012700 -0.025718 0.004478 0.999659 0.000000 0.000000 0.000000 0.000000 1.000000
0.999645 0.012997 0.023279 0.000000 -0.012819 0.999887 -0.007799 0.012700 -0.023378 0.007498 0.999699 -0.000000 0.000000 0.000000 0.000000 1.000000
0.999756 0.010293 0.019568 0.000000 -0.010076 0.999887 -0.011185 0.012700 -0.019680 0.010985 0.999746 0.000000 0.000000 0.000000 0.000000 1.000000
0.999861 0.007422 0.014926 -0.000000 -0.007203 0.999866 -0.014718 0.012700 -0.015034 0.014609 0.999780 0.000000 0.000000 0.000000 0.000000 1.000000
0.999941 0.004872 0.009665 0.000000 -0.004699 0.999829 -0.017899 0.012700 -0.009750 0.017853 0.999793 0.000000 0.000000 0.000000 0.000000 1.000000
0.999988 0.002904 0.003845 0.000000 -0.002826 0.999792 -0.020195 0.012700 -0.003902 0.020184 0.999789 0.000000 0.000000 0.000000 0.000000 1.000000
0.999993 0.002694 -0.002673 -0.000000 -0.002752 0.999755 -0.021957 0.012700 0.002613 0.021964 0.999755 0.000000 0.000000 0.000000 0.000000 1.000000
0.999944 0.002707 -0.010211 -0.000000 -0.002965 0.999673 -0.025380 0.012700 0.010139 0.025409 0.999626 0.000000 0.000000 0.000000 0.000000 1.000000
0.999833 0.002931 -0.018014 -0.000000 -0.003442 0.999591 -0.028399 0.012700 0.017923 0.028456 0.999434 0.000000 0.000000 0.000000 0.000000 1.000000
0.999676 0.002691 -0.025299 0.000000 -0.003435 0.999561 -0.029425 0.012700 0.025208 0.029502 0.999247 0.000000 0.000000 0.000000 0.000000 1.000000
0.999504 0.000847 -0.031470 -0.000000 -0.001736 0.999599 -0.028256 0.012700 0.031433 0.028297 0.999105 0.000000 0.000000 0.000000 0.000000 1.000000
0.999342 -0.000607 -0.036255 -0.000000 -0.000364 0.999642 -0.026769 0.012700 0.036258 0.026764 0.998984 0.000000 0.000000 0.000000 0.000000 1.000000
0.999227 -0.002416 -0.039249 -0.000000 0.001489 0.999720 -0.023630 0.012700 0.039295 0.023553 0.998950 -0.000000 0.000000 0.000000 0.000000 1.000000
0.999182 -0.004858 -0.040137 0.000000 0.004076 0.999801 -0.019551 0.012700 0.040224 0.019372 0.999003 -0.000000 0.000000 0.000000 0.000000 1.000000
0.999212 -0.007002 -0.039062 0.000000 0.006409 0.999863 -0.015285 0.012700 0.039164 0.015022 0.999120 0.000000 0.000000 0.000000 0.000000 1.000000
0.999303 -0.007260 -0.036607 -0.000000 0.006851 0.999913 -0.011298 0.012700 0.036686 0.011039 0.999266 0.000000 0.000000 0.000000 0.000000 1.000000
0.999414 -0.008025 -0.033289 0.000000 0.007792 0.999944 -0.007135 0.012700 0.033344 0.006871 0.999420 0.000000 0.000000 0.000000 0.000000 1.000000
0.999469 -0.007427 -0.031715 0.000000 0.007175 0.999942 -0.008058 0.012700 0.031773 0.007826 0.999464 0.000000 0.000000 0.000000 0.000000 1.000000
0.999551 -0.008024 -0.028869 0.000000 0.007701 0.999907 -0.011270 0.012700 0.028956 0.011043 0.999520 -0.000000 0.000000 0.000000 0.000000 1.000000
0.999659 -0.009266 -0.024410 0.000000 0.008919 0.999858 -0.014310 0.012700 0.024539 0.014088 0.999600 -0.000000 0.000000 0.000000 0.000000 1.000000
0.999750 -0.007759 -0.020951 0.000000 0.007418 0.999840 -0.016303 0.012700 0.021074 0.016143 0.999648 0.000000 0.000000 0.000000 0.000000 1.000000
0.999837 -0.005958 -0.017072 -0.000000 0.005675 0.999847 -0.016573 0.012700 0.017168 0.016473 0.999717 -0.000000 0.000000 0.000000 0.000000 1.000000</float_array>
        <technique_common>
          <accessor source="#mixamorig_Neck-Matrix-animation-output-transform-array" count="37" stride="16">
            <param type="float4x4"/>
          </accessor>
        </technique_common>
      </source>
      <source id="mixamorig_Neck-Interpolations">
        <Name_array id="mixamorig_Neck-Interpolations-array" count="37">
 LINEAR LINEAR LINEAR LINEAR LINEAR LINEAR LINEAR LINEAR LINEAR LINEAR LINEAR
LINEAR LINEAR LINEAR LINEAR LINEAR LINEAR LINEAR LINEAR LINEAR LINEAR LINEAR LINEAR
LINEAR LINEAR LINEAR LINEAR LINEAR LINEAR LINEAR LINEAR LINEAR LINEAR LINEAR LINEAR
LINEAR LINEAR</Name_array>
        <technique_common>
          <accessor source="#mixamorig_Neck-Interpolations-array" count="37">
            <param type="name"/>
          </accessor>
        </technique_common>
      </source>
      <sampler id="mixamorig_Neck-Matrix-animation-transform">
        <input semantic="INPUT" source="#mixamorig_Neck-Matrix-animation-input"/>
        <input semantic="OUTPUT" source="#mixamorig_Neck-Matrix-animation-output-transform"/>
        <input semantic="INTERPOLATION" source="#mixamorig_Neck-Interpolations"/>
      </sampler>
      <channel source="#mixamorig_Neck-Matrix-animation-transform" target="mixamorig_Neck/matrix"/>
    </animation>
    <animation id="mixamorig_Head-anim" name="mixamorig_Head">
      <source id="mixamorig_Head-Matrix-animation-input">
        <float_array id="mixamorig_Head-Matrix-animation-input-array" count="37">

0.000000 0.033333 0.066667 0.100000 0.133333 0.166667 0.200000 0.233333 0.266667 0.300000 0.333333 0.366667 0.400000 0.433333 0.466667 0.500000
0.533333 0.566667 0.600000 0.633333 0.666667 0.700000 0.733333 0.766667 0.800000 0.833333 0.866667 0.900000 0.933333 0.966667 1.000000 1.033333
1.066667 1.100000 1.133333 1.166667 1.200000</float_array>
        <technique_common>
          <accessor source="#mixamorig_Head-Matrix-animation-input-array" count="37">
            <param name="TIME" type="float"/>
          </accessor>
        </technique_common>
      </source>
      <source id="mixamorig_Head-Matrix-animation-output-transform">
