<?xml version="1.0" encoding="utf-8"?>
<COLLADA xmlns="http://www.collada.org/2005/11/COLLADASchema" version="1.4.1">
  <asset>
    <contributor>
      <author>Mixamo</author>
      <authoring_tool>COLLADA Mixamo exporter</authoring_tool>
      <comments/>
    </contributor>
    <created>2026-05-01T17:16:15Z</created>
    <modified>2026-05-01T17:16:15Z</modified>
    <revision/>
    <title/>
    <unit meter="0.010000"/>
    <up_axis>Y_UP</up_axis>
  </asset>
  <library_animations>
    <animation id="mixamorig_Hips-anim" name="mixamorig_Hips">
      <source id="mixamorig_Hips-Matrix-animation-input">
        <float_array id="mixamorig_Hips-Matrix-animation-input-array" count="42">

0.000000 0.033333 0.066667 0.100000 0.133333 0.166667 0.200000 0.233333 0.266667 0.300000 0.333333 0.366667 0.400000 0.433333 0.466667 0.500000
0.533333 0.566667 0.600000 0.633333 0.666667 0.700000 0.733333 0.766667 0.800000 0.833333 0.866667 0.900000 0.933333 0.966667 1.000000 1.033333
1.066667 1.100000 1.133333 1.166667 1.200000 1.233333 1.266667 1.300000 1.333333 1.366667</float_array>
        <technique_common>
          <accessor source="#mixamorig_Hips-Matrix-animation-input-array" count="42">
            <param name="TIME" type="float"/>
          </accessor>
        </technique_common>
      </source>
      <source id="mixamorig_Hips-Matrix-animation-output-transform">
        <float_array id="mixamorig_Hips-Matrix-animation-output-transform-array" count="672">

0.999714 0.023739 0.002755 -0.001533 -0.023703 0.999641 -0.012475 0.126902 -0.003050 0.012407 0.999918 0.000335 0.000000 0.000000 0.000000 1.000000
0.999902 0.010212 -0.009598 -0.001719 -0.010311 0.999893 -0.010329 0.127432 0.009491 0.010427 0.999901 -0.000733 0.000000 0.000000 0.000000 1.000000
0.999765 0.005009 -0.021114 -0.001860 -0.005280 0.999904 -0.012793 0.127772 0.021048 0.012902 0.999695 -0.001840 0.000000 0.000000 0.000000 1.000000
0.999460 0.007472 -0.032007 -0.001961 -0.008154 0.999741 -0.021224 0.127843 0.031840 0.021473 0.999262 -0.002859 0.000000 0.000000 0.000000 1.000000
0.998946 0.015710 -0.043131 -0.002026 -0.017190 0.999269 -0.034156 0.127533 0.042562 0.034862 0.998485 -0.003636 0.000000 0.000000 0.000000 1.000000
0.998066 0.027813 -0.055602 -0.002056 -0.030476 0.998399 -0.047642 0.126734 0.054188 0.049244 0.997316 -0.004037 0.000000 0.000000 0.000000 1.000000
0.996679 0.041180 -0.070257 -0.002062 -0.045222 0.997353 -0.056947 0.125638 0.067726 0.059935 0.995902 -0.004073 0.000000 0.000000 0.000000 1.000000
0.995020 0.049982 -0.086234 -0.002014 -0.055495 0.996485 -0.062761 0.124521 0.082794 0.067234 0.994296 -0.003765 0.000000 0.000000 0.000000 1.000000
0.993587 0.046995 -0.102842 -0.001842 -0.054077 0.996274 -0.067190 0.123545 0.099301 0.072320 0.992426 -0.003049 0.000000 0.000000 0.000000 1.000000
0.992434 0.028634 -0.119396 -0.001493 -0.037283 0.996790 -0.070845 0.122770 0.116984 0.074761 0.990316 -0.001931 0.000000 0.000000 0.000000 1.000000
0.990782 -0.003389 -0.135421 -0.000950 -0.006441 0.997377 -0.072089 0.122171 0.135311 0.072297 0.988162 -0.000510 0.000000 0.000000 0.000000 1.000000
0.987788 -0.038457 -0.150987 -0.000253 0.028617 0.997355 -0.066807 0.121684 0.153156 0.061671 0.986276 0.001056 0.000000 0.000000 0.000000 1.000000
0.983652 -0.069573 -0.166100 0.000568 0.060759 0.996491 -0.057574 0.121365 0.169523 0.046541 0.984427 0.002521 0.000000 0.000000 0.000000 1.000000
0.978882 -0.094775 -0.181128 0.001445 0.087476 0.995015 -0.047888 0.121138 0.184764 0.031032 0.982293 0.003645 0.000000 0.000000 0.000000 1.000000
0.974391 -0.112299 -0.194811 0.002282 0.106780 0.993532 -0.038636 0.121040 0.197890 0.016844 0.980080 0.004331 0.000000 0.000000 0.000000 1.000000
0.971610 -0.119971 -0.203914 0.002969 0.116780 0.992773 -0.027655 0.121225 0.205758 0.003057 0.978598 0.004620 0.000000 0.000000 0.000000 1.000000
0.972862 -0.116462 -0.199938 0.003456 0.116463 0.993125 -0.011799 0.121801 0.199938 -0.011807 0.979737 0.004564 0.000000 0.000000 0.000000 1.000000
0.977865 -0.106505 -0.180102 0.003813 0.109068 0.994025 0.004360 0.122768 0.178561 -0.023907 0.983638 0.004203 0.000000 0.000000 0.000000 1.000000
0.984121 -0.094685 -0.150137 0.004102 0.098241 0.995027 0.016430 0.123966 0.147835 -0.030919 0.988529 0.003585 0.000000 0.000000 0.000000 1.000000
0.989504 -0.083397 -0.118008 0.004359 0.086690 0.995969 0.023040 0.125179 0.115611 -0.033029 0.992745 0.002773 0.000000 0.000000 0.000000 1.000000
0.993151 -0.073089 -0.091157 0.004586 0.075755 0.996784 0.026131 0.126191 0.088954 -0.032858 0.995494 0.001846 0.000000 0.000000 0.000000 1.000000
0.995556 -0.062818 -0.070165 0.004773 0.064944 0.997484 0.028435 0.126875 0.068202 -0.032865 0.997130 0.000886 0.000000 0.000000 0.000000 1.000000
0.997270 -0.052992 -0.051420 0.004921 0.054613 0.998037 0.030639 0.127203 0.049695 -0.033363 0.998207 -0.000062 0.000000 0.000000 0.000000 1.000000
0.998464 -0.044135 -0.033504 0.005029 0.045223 0.998450 0.032446 0.127191 0.032020 -0.033911 0.998912 -0.000964 0.000000 0.000000 0.000000 1.000000
0.999209 -0.036361 -0.016086 0.005102 0.036873 0.998782 0.032780 0.126879 0.014874 -0.033347 0.999333 -0.001761 0.000000 0.000000 0.000000 1.000000
0.999570 -0.029329 0.000338 0.005147 0.029306 0.999120 0.030002 0.126350 -0.001218 -0.029979 0.999550 -0.002343 0.000000 0.000000 0.000000 1.000000
0.999620 -0.022813 0.015459 0.005176 0.022463 0.999495 0.022475 0.125889 -0.015964 -0.022119 0.999628 -0.002406 0.000000 0.000000 0.000000 1.000000
0.999416 -0.017094 0.029580 0.005181 0.016812 0.999811 0.009745 0.125573 -0.029741 -0.009242 0.999515 -0.001938 0.000000 0.000000 0.000000 1.000000
0.999020 -0.011018 0.042868 0.005138 0.011356 0.999906 -0.007638 0.125463 -0.042780 0.008117 0.999052 -0.001105 0.000000 0.000000 0.000000 1.000000
0.998465 -0.004065 0.055239 0.005022 0.005638 0.999582 -0.028344 0.125426 -0.055101 0.028612 0.998071 -0.000083 0.000000 0.000000 0.000000 1.000000
0.997797 0.003534 0.066250 0.004811 -0.000207 0.998742 -0.050150 0.125186 -0.066344 0.050026 0.996542 0.000985 0.000000 0.000000 0.000000 1.000000
0.997178 0.012401 0.074045 0.004470 -0.007270 0.997578 -0.069174 0.124753 -0.074724 0.068440 0.994853 0.002053 0.000000 0.000000 0.000000 1.000000
0.996694 0.022335 0.078115 0.003948 -0.016144 0.996744 -0.079003 0.124208 -0.079626 0.077480 0.993809 0.003109 0.000000 0.000000 0.000000 1.000000
0.996216 0.034941 0.079578 0.003230 -0.028689 0.996509 -0.078407 0.123676 -0.082040 0.075827 0.993740 0.004001 0.000000 0.000000 0.000000 1.000000
0.995493 0.050654 0.080174 0.002377 -0.045072 0.996530 -0.069972 0.123245 -0.083440 0.066043 0.994322 0.004573 0.000000 0.000000 0.000000 1.000000
0.994374 0.067767 0.081413 0.001523 -0.063048 0.996253 -0.059208 0.122977 -0.085120 0.053742 0.994920 0.004707 0.000000 0.000000 0.000000 1.000000
0.993367 0.080264 0.082335 0.000783 -0.076229 0.995783 -0.051034 0.123057 -0.086084 0.044420 0.995297 0.004434 0.000000 0.000000 0.000000 1.000000
0.993326 0.085082 0.077875 0.000171 -0.081824 0.995670 -0.044124 0.123504 -0.081292 0.037458 0.995986 0.003869 0.000000 0.000000 0.000000 1.000000
0.994491 0.081918 0.065403 -0.000341 -0.079651 0.996152 -0.036563 0.124226 -0.068146 0.031152 0.997189 0.003136 0.000000 0.000000 0.000000 1.000000
0.996429 0.070826 0.045964 -0.000777 -0.069589 0.997183 -0.027979 0.125098 -0.047816 0.024680 0.998551 0.002327 0.000000 0.000000 0.000000 1.000000
0.998347 0.052164 0.024142 -0.001153 -0.051693 0.998468 -0.019730 0.125982 -0.025134 0.018450 0.999514 0.001482 0.000000 0.000000 0.000000 1.000000
0.999540 0.029510 0.006968 -0.001458 -0.029412 0.999472 -0.013798 0.126721 -0.007372 0.013587 0.999881 0.000566 0.000000 0.000000 0.000000 1.000000</float_array>
        <technique_common>
          <accessor source="#mixamorig_Hips-Matrix-animation-output-transform-array" count="42" stride="16">
            <param type="float4x4"/>
          </accessor>
        </technique_common>
      </source>
      <source id="mixamorig_Hips-Interpolations">
        <Name_array id="mixamorig_Hips-Interpolations-array" count="42">
 LINEAR LINEAR LINEAR LINEAR LINEAR LINEAR LINEAR LINEAR LINEAR LINEAR LINEAR
LINEAR LINEAR LINEAR LINEAR LINEAR LINEAR LINEAR LINEAR LINEAR LINEAR LINEAR LINEAR
LINEAR LINEAR LINEAR LINEAR LINEAR LINEAR LINEAR LINEAR LINEAR LINEAR LINEAR LINEAR
LINEAR LINEAR LINEAR LINEAR LINEAR LINEAR LINEAR</Name_array>
        <technique_common>
          <accessor source="#mixamorig_Hips-Interpolations-array" count="42">
            <param type="name"/>
          </accessor>
        </technique_common>
      </source>
      <sampler id="mixamorig_Hips-Matrix-animation-transform">
        <input semantic="INPUT" source="#mixamorig_Hips-Matrix-animation-input"/>
        <input semantic="OUTPUT" source="#mixamorig_Hips-Matrix-animation-output-transform"/>
        <input semantic="INTERPOLATION" source="#mixamorig_Hips-Interpolations"/>
      </sampler>
      <channel source="#mixamorig_Hips-Matrix-animation-transform" target="mixamorig_Hips/matrix"/>
    </animation>
    <animation id="mixamorig_Spine-anim" name="mixamorig_Spine">
      <source id="mixamorig_Spine-Matrix-animation-input">
        <float_array id="mixamorig_Spine-Matrix-animation-input-array" count="42">

0.000000 0.033333 0.066667 0.100000 0.133333 0.166667 0.200000 0.233333 0.266667 0.300000 0.333333 0.366667 0.400000 0.433333 0.466667 0.500000
0.533333 0.566667 0.600000 0.633333 0.666667 0.700000 0.733333 0.766667 0.800000 0.833333 0.866667 0.900000 0.933333 0.966667 1.000000 1.033333
1.066667 1.100000 1.133333 1.166667 1.200000 1.233333 1.266667 1.300000 1.333333 1.366667</float_array>
        <technique_common>
          <accessor source="#mixamorig_Spine-Matrix-animation-input-array" count="42">
            <param name="TIME" type="float"/>
          </accessor>
        </technique_common>
      </source>
      <source id="mixamorig_Spine-Matrix-animation-output-transform">
        <float_array id="mixamorig_Spine-Matrix-animation-output-transform-array" count="672">

0.999467 -0.017079 0.027836 0.000000 0.017314 0.999816 -0.008214 0.008500 -0.027691 0.008691 0.999579 -0.000300 0.000000 0.000000 0.000000 1.000000
0.999324 -0.012901 0.034413 0.000000 0.013222 0.999871 -0.009108 0.008500 -0.034291 0.009557 0.999366 -0.000300 0.000000 0.000000 0.000000 1.000000
0.999090 -0.013582 0.040433 0.000000 0.013940 0.999866 -0.008588 0.008500 -0.040311 0.009143 0.999145 -0.000300 0.000000 0.000000 0.000000 1.000000
0.998784 -0.017332 0.046156 0.000000 0.017632 0.999826 -0.006096 0.008500 -0.046043 0.006903 0.998916 -0.000300 0.000000 0.000000 0.000000 1.000000
0.998385 -0.023158 0.051883 0.000000 0.023272 0.999728 -0.001596 0.008500 -0.051832 0.002801 0.998652 -0.000300 0.000000 0.000000 0.000000 1.000000
0.997841 -0.031426 0.057661 0.000000 0.031225 0.999503 0.004374 0.008500 -0.057770 -0.002564 0.998327 -0.000300 0.000000 0.000000 0.000000 1.000000
0.997253 -0.039862 0.062428 -0.000000 0.039348 0.999181 0.009441 0.008500 -0.062753 -0.006958 0.998005 -0.000300 0.000000 0.000000 0.000000 1.000000
0.996971 -0.043575 0.064414 0.000000 0.042892 0.999008 0.011946 0.008500 -0.064871 -0.009147 0.997852 -0.000300 0.000000 0.000000 0.000000 1.000000
0.997170 -0.040091 0.063591 -0.000000 0.039390 0.999149 0.012235 0.008500 -0.064028 -0.009696 0.997901 -0.000300 0.000000 0.000000 0.000000 1.000000
0.997743 -0.029178 0.060480 0.000000 0.028560 0.999531 0.011053 0.008500 -0.060774 -0.009301 0.998108 -0.000300 0.000000 0.000000 0.000000 1.000000
0.998350 -0.012697 0.056001 0.000000 0.012207 0.999884 0.009082 0.008500 -0.056109 -0.008383 0.998389 -0.000300 0.000000 0.000000 0.000000 1.000000
0.998651 0.006128 0.051560 0.000000 -0.006449 0.999961 0.006053 0.008500 -0.051521 -0.006378 0.998652 -0.000300 0.000000 0.000000 0.000000 1.000000
0.998493 0.026206 0.048222 0.000000 -0.026358 0.999649 0.002526 0.008500 -0.048139 -0.003793 0.998833 -0.000300 0.000000 0.000000 0.000000 1.000000
0.997987 0.044240 0.045434 -0.000000 -0.044277 0.999019 -0.000190 0.008500 -0.045397 -0.001823 0.998967 -0.000300 0.000000 0.000000 0.000000 1.000000
0.997496 0.056975 0.041896 0.000000 -0.056949 0.998375 -0.001823 0.008500 -0.041932 -0.000568 0.999120 -0.000300 0.000000 0.000000 0.000000 1.000000
0.997428 0.062037 0.035886 0.000000 -0.061958 0.998073 -0.003320 0.008500 -0.036023 0.001088 0.999350 -0.000300 0.000000 0.000000 0.000000 1.000000
0.997826 0.060315 0.026568 0.000000 -0.060170 0.998169 -0.006235 0.008500 -0.026895 0.004623 0.999628 -0.000300 0.000000 0.000000 0.000000 1.000000
0.998415 0.054241 0.015000 0.000000 -0.054107 0.998493 -0.009207 0.008500 -0.015477 0.008381 0.999845 -0.000300 0.000000 0.000000 0.000000 1.000000
0.998954 0.045687 0.002131 0.000000 -0.045661 0.998895 -0.011107 0.008500 -0.002636 0.010998 0.999936 -0.000300 0.000000 0.000000 0.000000 1.000000
0.999272 0.036594 -0.010807 0.000000 -0.036722 0.999254 -0.011947 0.008500 0.010362 0.012335 0.999870 -0.000300 0.000000 0.000000 0.000000 1.000000
0.999334 0.028883 -0.022304 -0.000000 -0.029173 0.999492 -0.012813 0.008500 0.021923 0.013455 0.999669 -0.000300 0.000000 0.000000 0.000000 1.000000
0.999224 0.024617 -0.030761 0.000000 -0.025078 0.999578 -0.014683 0.008500 0.030386 0.015443 0.999419 -0.000300 0.000000 0.000000 0.000000 1.000000
0.999083 0.022140 -0.036642 0.000000 -0.022755 0.999606 -0.016452 0.008500 0.036263 0.017271 0.999193 -0.000300 0.000000 0.000000 0.000000 1.000000
0.998919 0.020562 -0.041694 0.000000 -0.021297 0.999624 -0.017264 0.008500 0.041323 0.018134 0.998981 -0.000300 0.000000 0.000000 0.000000 1.000000
0.998712 0.019441 -0.046861 0.000000 -0.020247 0.999654 -0.016786 0.008500 0.046518 0.017714 0.998760 -0.000300 0.000000 0.000000 0.000000 1.000000
0.998480 0.018745 -0.051838 0.000000 -0.019554 0.999694 -0.015151 0.008500 0.051538 0.016141 0.998541 -0.000300 0.000000 0.000000 0.000000 1.000000
0.998343 0.018531 -0.054473 0.000000 -0.019222 0.999741 -0.012189 0.008500 0.054233 0.013216 0.998441 -0.000300 0.000000 0.000000 0.000000 1.000000
0.998214 0.019356 -0.056508 0.000000 -0.019847 0.999770 -0.008147 0.008500 0.056338 0.009254 0.998369 -0.000300 0.000000 0.000000 0.000000 1.000000
0.998189 0.018158 -0.057348 0.000000 -0.018412 0.999823 -0.003901 0.008500 0.057267 0.004950 0.998347 -0.000300 0.000000 0.000000 0.000000 1.000000
0.998288 0.013701 -0.056866 0.000000 -0.013724 0.999906 -0.000028 0.008500 0.056860 0.000808 0.998382 -0.000300 0.000000 0.000000 0.000000 1.000000
0.998433 0.006979 -0.055525 0.000000 -0.006806 0.999971 0.003308 0.008500 0.055547 -0.002925 0.998452 -0.000300 0.000000 0.000000 0.000000 1.000000
0.998591 -0.002143 -0.053029 -0.000000 0.002457 0.999980 0.005847 0.008500 0.053016 -0.005969 0.998576 -0.000300 0.000000 0.000000 0.000000 1.000000
0.998759 -0.013246 -0.048020 -0.000000 0.013619 0.999880 0.007447 0.008500 0.047915 -0.008092 0.998819 -0.000300 0.000000 0.000000 0.000000 1.000000
0.998848 -0.025095 -0.040911 0.000000 0.025428 0.999648 0.007632 0.008500 0.040705 -0.008664 0.999134 -0.000300 0.000000 0.000000 0.000000 1.000000
0.998781 -0.036405 -0.033337 0.000000 0.036637 0.999308 0.006381 0.008500 0.033082 -0.007595 0.999424 -0.000300 0.000000 0.000000 0.000000 1.000000
0.998571 -0.045871 -0.027430 0.000000 0.046002 0.998933 0.004180 0.008500 0.027209 -0.005436 0.999615 -0.000300 0.000000 0.000000 0.000000 1.000000
0.998459 -0.050882 -0.022168 -0.000000 0.050937 0.998700 0.001933 0.008500 0.022041 -0.003059 0.999752 -0.000300 0.000000 0.000000 0.000000 1.000000
0.998603 -0.050706 -0.014853 -0.000000 0.050709 0.998713 -0.000153 0.008500 0.014841 -0.000601 0.999890 -0.000300 0.000000 0.000000 0.000000 1.000000
0.998910 -0.046401 -0.005018 0.000000 0.046391 0.998921 -0.002117 0.008500 0.005111 0.001882 0.999985 -0.000300 0.000000 0.000000 0.000000 1.000000
0.999222 -0.038916 0.006351 -0.000000 0.038942 0.999233 -0.004047 0.008500 -0.006188 0.004291 0.999972 -0.000300 0.000000 0.000000 0.000000 1.000000
0.999430 -0.029035 0.017211 0.000000 0.029142 0.999557 -0.005980 0.008500 -0.017030 0.006478 0.999834 -0.000300 0.000000 0.000000 0.000000 1.000000
0.999478 -0.019472 0.025763 -0.000000 0.019677 0.999776 -0.007755 0.008500 -0.025606 0.008258 0.999638 -0.000300 0.000000 0.000000 0.000000 1.000000</float_array>
        <technique_common>
          <accessor source="#mixamorig_Spine-Matrix-animation-output-transform-array" count="42" stride="16">
            <param type="float4x4"/>
          </accessor>
        </technique_common>
      </source>
      <source id="mixamorig_Spine-Interpolations">
        <Name_array id="mixamorig_Spine-Interpolations-array" count="42">
 LINEAR LINEAR LINEAR LINEAR LINEAR LINEAR LINEAR LINEAR LINEAR LINEAR LINEAR
LINEAR LINEAR LINEAR LINEAR LINEAR LINEAR LINEAR LINEAR LINEAR LINEAR LINEAR LINEAR
LINEAR LINEAR LINEAR LINEAR LINEAR LINEAR LINEAR LINEAR LINEAR LINEAR LINEAR LINEAR
LINEAR LINEAR LINEAR LINEAR LINEAR LINEAR LINEAR</Name_array>
        <technique_common>
          <accessor source="#mixamorig_Spine-Interpolations-array" count="42">
            <param type="name"/>
          </accessor>
        </technique_common>
      </source>
      <sampler id="mixamorig_Spine-Matrix-animation-transform">
        <input semantic="INPUT" source="#mixamorig_Spine-Matrix-animation-input"/>
        <input semantic="OUTPUT" source="#mixamorig_Spine-Matrix-animation-output-transform"/>
        <input semantic="INTERPOLATION" source="#mixamorig_Spine-Interpolations"/>
      </sampler>
      <channel source="#mixamorig_Spine-Matrix-animation-transform" target="mixamorig_Spine/matrix"/>
    </animation>
    <animation id="mixamorig_Spine1-anim" name="mixamorig_Spine1">
      <source id="mixamorig_Spine1-Matrix-animation-input">
        <float_array id="mixamorig_Spine1-Matrix-animation-input-array" count="42">

0.000000 0.033333 0.066667 0.100000 0.133333 0.166667 0.200000 0.233333 0.266667 0.300000 0.333333 0.366667 0.400000 0.433333 0.466667 0.500000
0.533333 0.566667 0.600000 0.633333 0.666667 0.700000 0.733333 0.766667 0.800000 0.833333 0.866667 0.900000 0.933333 0.966667 1.000000 1.033333
1.066667 1.100000 1.133333 1.166667 1.200000 1.233333 1.266667 1.300000 1.333333 1.366667</float_array>
        <technique_common>
          <accessor source="#mixamorig_Spine1-Matrix-animation-input-array" count="42">
            <param name="TIME" type="float"/>
          </accessor>
        </technique_common>
      </source>
      <source id="mixamorig_Spine1-Matrix-animation-output-transform">
        <float_array id="mixamorig_Spine1-Matrix-animation-output-transform-array" count="672">

0.998370 0.017729 0.054244 -0.000000 -0.013388 0.996755 -0.079369 0.009900 -0.055475 0.078514 0.995368 0.000000 0.000000 0.000000 0.000000 1.000000
0.997085 0.028732 0.070677 0.000000 -0.022875 0.996344 -0.082315 0.009900 -0.072783 0.080459 0.994097 -0.000000 0.000000 0.000000 0.000000 1.000000
0.995837 0.035681 0.083881 0.000000 -0.028664 0.996103 -0.083414 0.009900 -0.086530 0.080663 0.992978 -0.000000 0.000000 0.000000 0.000000 1.000000
0.994769 0.039485 0.094208 -0.000000 -0.031829 0.996171 -0.081431 0.009900 -0.097063 0.078007 0.992217 0.000000 0.000000 0.000000 0.000000 1.000000
0.993915 0.041093 0.102200 -0.000000 -0.033362 0.996531 -0.076243 0.009900 -0.104979 0.072369 0.991838 0.000000 0.000000 0.000000 0.000000 1.000000
0.993303 0.040782 0.108105 0.000000 -0.033434 0.997061 -0.068929 0.009900 -0.110598 0.064853 0.991747 0.000000 0.000000 0.000000 0.000000 1.000000
0.992933 0.038594 0.112225 0.000000 -0.031658 0.997515 -0.062941 0.009900 -0.114375 0.058943 0.991687 0.000000 0.000000 0.000000 0.000000 1.000000
0.992578 0.036709 0.115939 0.000000 -0.029884 0.997747 -0.060070 0.009900 -0.117883 0.056160 0.991438 0.000000 0.000000 0.000000 0.000000 1.000000
0.992141 0.037696 0.119315 0.000000 -0.030793 0.997773 -0.059174 0.009900 -0.121279 0.055035 0.991092 0.000000 0.000000 0.000000 0.000000 1.000000
0.991689 0.043298 0.121151 0.000000 -0.036328 0.997587 -0.059161 0.009900 -0.123421 0.054268 0.990869 0.000000 0.000000 0.000000 0.000000 1.000000
0.991364 0.053988 0.119509 0.000000 -0.047112 0.997108 -0.059635 0.009900 -0.122383 0.053490 0.991041 0.000000 0.000000 0.000000 0.000000 1.000000
0.991120 0.068126 0.114189 -0.000000 -0.061324 0.996186 -0.062064 0.009900 -0.117982 0.054510 0.991518 -0.000000 0.000000 0.000000 0.000000 1.000000
0.990663 0.081485 0.109303 0.000000 -0.074624 0.995061 -0.065463 0.009900 -0.114097 0.056695 0.991851 0.000000 0.000000 0.000000 0.000000 1.000000
0.990326 0.089873 0.105721 -0.000000 -0.082986 0.994239 -0.067838 0.009900 -0.111209 0.058408 0.992079 0.000000 0.000000 0.000000 0.000000 1.000000
0.990715 0.090662 0.101315 0.000000 -0.083906 0.994077 -0.069075 0.009900 -0.106977 0.059933 0.992453 -0.000000 0.000000 0.000000 0.000000 1.000000
0.992318 0.083214 0.091542 0.000000 -0.076835 0.994503 -0.071137 0.009900 -0.096958 0.063556 0.993257 0.000000 0.000000 0.000000 0.000000 1.000000
0.994911 0.069527 0.072931 -0.000000 -0.063917 0.995009 -0.076631 0.009900 -0.077894 0.071579 0.994389 -0.000000 0.000000 0.000000 0.000000 1.000000
0.997484 0.053048 0.047024 0.000000 -0.049050 0.995388 -0.082446 0.009900 -0.051181 0.079932 0.995485 -0.000000 0.000000 0.000000 0.000000 1.000000
0.999224 0.035700 0.016633 0.000000 -0.034141 0.995700 -0.086113 0.009900 -0.019636 0.085478 0.996147 0.000000 0.000000 0.000000 0.000000 1.000000
0.999709 0.019189 -0.014604 0.000000 -0.020396 0.995950 -0.087561 0.009900 0.012865 0.087833 0.996052 0.000000 0.000000 0.000000 0.000000 1.000000
0.999084 0.004828 -0.042516 -0.000000 -0.008604 0.995988 -0.089075 0.009900 0.041915 0.089360 0.995117 0.000000 0.000000 0.000000 0.000000 1.000000
0.997970 -0.005656 -0.063435 0.000000 -0.000269 0.995666 -0.093004 0.009900 0.063687 0.092832 0.993643 -0.000000 0.000000 0.000000 0.000000 1.000000
0.996888 -0.012261 -0.077875 0.000000 0.004620 0.995220 -0.097554 0.009900 0.078699 0.096890 0.992179 -0.000000 0.000000 0.000000 0.000000 1.000000
0.995878 -0.016794 -0.089137 0.000000 0.007735 0.994854 -0.101024 0.009900 0.090374 0.099918 0.990883 0.000000 0.000000 0.000000 0.000000 1.000000
0.994807 -0.020881 -0.099619 0.000000 0.010596 0.994659 -0.102669 0.009900 0.101230 0.101081 0.989715 -0.000000 0.000000 0.000000 0.000000 1.000000
0.993625 -0.025457 -0.109824 0.000000 0.014146 0.994626 -0.102567 0.009900 0.111845 0.100359 0.988645 -0.000000 0.000000 0.000000 0.000000 1.000000
0.992745 -0.030025 -0.116434 0.000000 0.018371 0.994828 -0.099900 0.009900 0.118831 0.097037 0.988161 0.000000 0.000000 0.000000 0.000000 1.000000
0.991962 -0.034924 -0.121625 -0.000000 0.023466 0.995258 -0.094400 0.009900 0.124345 0.090787 0.988077 0.000000 0.000000 0.000000 0.000000 1.000000
0.991368 -0.040337 -0.124747 0.000000 0.029611 0.995796 -0.086675 0.009900 0.127719 0.082233 0.988395 0.000000 0.000000 0.000000 0.000000 1.000000
0.990990 -0.046143 -0.125740 0.000000 0.036514 0.996297 -0.077834 0.009900 0.128866 0.072542 0.989005 -0.000000 0.000000 0.000000 0.000000 1.000000
0.990757 -0.051982 -0.125296 0.000000 0.043535 0.996650 -0.069237 0.009900 0.128475 0.063143 0.989700 0.000000 0.000000 0.000000 0.000000 1.000000
0.990659 -0.058183 -0.123328 -0.000000 0.050895 0.996812 -0.061439 0.009900 0.126509 0.054588 0.990462 -0.000000 0.000000 0.000000 0.000000 1.000000
0.991024 -0.064909 -0.116870 0.000000 0.058747 0.996733 -0.055420 0.009900 0.120086 0.048056 0.991600 -0.000000 0.000000 0.000000 0.000000 1.000000
0.991744 -0.070816 -0.106907 -0.000000 0.065465 0.996459 -0.052760 0.009900 0.110265 0.045326 0.992868 -0.000000 0.000000 0.000000 0.000000 1.000000
0.992682 -0.073514 -0.095803 0.000000 0.068592 0.996198 -0.053700 0.009900 0.099387 0.046736 0.993951 -0.000000 0.000000 0.000000 0.000000 1.000000
0.993803 -0.070421 -0.086004 0.000000 0.065660 0.996214 -0.056982 0.009900 0.089691 0.050981 0.994664 0.000000 0.000000 0.000000 0.000000 1.000000
0.995294 -0.062078 -0.074405 -0.000000 0.057627 0.996501 -0.060545 0.009900 0.077903 0.055972 0.995388 0.000000 0.000000 0.000000 0.000000 1.000000
0.997163 -0.050216 -0.056069 -0.000000 0.046603 0.996863 -0.063979 0.009900 0.059106 0.061184 0.996375 0.000000 0.000000 0.000000 0.000000 1.000000
0.998875 -0.035847 -0.031036 0.000000 0.033692 0.997158 -0.067382 0.009900 0.033363 0.066260 0.997244 0.000000 0.000000 0.000000 0.000000 1.000000
0.999805 -0.019625 -0.002106 0.000000 0.019426 0.997293 -0.070919 0.009900 0.003492 0.070864 0.997480 0.000000 0.000000 0.000000 0.000000 1.000000
0.999659 -0.002187 0.026031 0.000000 0.004125 0.997203 -0.074629 0.009900 -0.025795 0.074711 0.996872 0.000000 0.000000 0.000000 0.000000 1.000000
0.998717 0.013762 0.048728 0.000000 -0.009913 0.996876 -0.078359 0.009900 -0.049654 0.077776 0.995734 0.000000 0.000000 0.000000 0.000000 1.000000</float_array>
        <technique_common>
          <accessor source="#mixamorig_Spine1-Matrix-animation-output-transform-array" count="42" stride="16">
            <param type="float4x4"/>
          </accessor>
        </technique_common>
      </source>
      <source id="mixamorig_Spine1-Interpolations">
        <Name_array id="mixamorig_Spine1-Interpolations-array" count="42">
 LINEAR LINEAR LINEAR LINEAR LINEAR LINEAR LINEAR LINEAR LINEAR LINEAR LINEAR
LINEAR LINEAR LINEAR LINEAR LINEAR LINEAR LINEAR LINEAR LINEAR LINEAR LINEAR LINEAR
LINEAR LINEAR LINEAR LINEAR LINEAR LINEAR LINEAR LINEAR LINEAR LINEAR LINEAR LINEAR
LINEAR LINEAR LINEAR LINEAR LINEAR LINEAR LINEAR</Name_array>
        <technique_common>
          <accessor source="#mixamorig_Spine1-Interpolations-array" count="42">
            <param type="name"/>
          </accessor>
        </technique_common>
      </source>
      <sampler id="mixamorig_Spine1-Matrix-animation-transform">
        <input semantic="INPUT" source="#mixamorig_Spine1-Matrix-animation-input"/>
        <input semantic="OUTPUT" source="#mixamorig_Spine1-Matrix-animation-output-transform"/>
        <input semantic="INTERPOLATION" source="#mixamorig_Spine1-Interpolations"/>
      </sampler>
      <channel source="#mixamorig_Spine1-Matrix-animation-transform" target="mixamorig_Spine1/matrix"/>
    </animation>
    <animation id="mixamorig_Spine2-anim" name="mixamorig_Spine2">
      <source id="mixamorig_Spine2-Matrix-animation-input">
        <float_array id="mixamorig_Spine2-Matrix-animation-input-array" count="42">

0.000000 0.033333 0.066667 0.100000 0.133333 0.166667 0.200000 0.233333 0.266667 0.300000 0.333333 0.366667 0.400000 0.433333 0.466667 0.500000
0.533333 0.566667 0.600000 0.633333 0.666667 0.700000 0.733333 0.766667 0.800000 0.833333 0.866667 0.900000 0.933333 0.966667 1.000000 1.033333
1.066667 1.100000 1.133333 1.166667 1.200000 1.233333 1.266667 1.300000 1.333333 1.366667</float_array>
        <technique_common>
          <accessor source="#mixamorig_Spine2-Matrix-animation-input-array" count="42">
            <param name="TIME" type="float"/>
          </accessor>
        </technique_common>
      </source>
      <source id="mixamorig_Spine2-Matrix-animation-output-transform">
        <float_array id="mixamorig_Spine2-Matrix-animation-output-transform-array" count="672">

0.998376 0.017345 0.054263 0.000000 -0.013001 0.996757 -0.079416 0.011300 -0.055465 0.078582 0.995364 0.000000 0.000000 0.000000 0.000000 1.000000
0.997084 0.028275 0.070882 0.000000 -0.022407 0.996359 -0.082258 0.011300 -0.072949 0.080430 0.994087 -0.000000 0.000000 0.000000 0.000000 1.000000
0.995823 0.035232 0.084228 -0.000000 -0.028205 0.996133 -0.083211 0.011300 -0.086834 0.080487 0.992966 0.000000 0.000000 0.000000 0.000000 1.000000
0.994744 0.039133 0.094617 0.000000 -0.031478 0.996210 -0.081079 0.011300 -0.097432 0.077675 0.992206 0.000000 0.000000 0.000000 0.000000 1.000000
0.993881 0.040941 0.102584 0.000000 -0.033232 0.996572 -0.075764 0.011300 -0.105334 0.071891 0.991835 0.000000 0.000000 0.000000 0.000000 1.000000
0.993264 0.040947 0.108397 0.000000 -0.033647 0.997094 -0.068343 0.011300 -0.110880 0.064236 0.991756 0.000000 0.000000 0.000000 0.000000 1.000000
0.992892 0.039105 0.112411 -0.000000 -0.032235 0.997537 -0.062293 0.011300 -0.114570 0.058227 0.991707 -0.000000 0.000000 0.000000 0.000000 1.000000
0.992537 0.037418 0.116060 0.000000 -0.030668 0.997762 -0.059412 0.011300 -0.118023 0.055410 0.991464 0.000000 0.000000 0.000000 0.000000 1.000000
0.992103 0.038390 0.119408 0.000000 -0.031563 0.997785 -0.058550 0.011300 -0.121391 0.054319 0.991117 0.000000 0.000000 0.000000 0.000000 1.000000
0.991656 0.043784 0.121249 -0.000000 -0.036881 0.997600 -0.058606 0.011300 -0.123524 0.053645 0.990890 0.000000 0.000000 0.000000 0.000000 1.000000
0.991339 0.054164 0.119642 0.000000 -0.047338 0.997125 -0.059175 0.011300 -0.122503 0.052999 0.991052 0.000000 0.000000 0.000000 0.000000 1.000000
0.991101 0.068030 0.114417 0.000000 -0.061257 0.996213 -0.061709 0.011300 -0.118182 0.054151 0.991514 0.000000 0.000000 0.000000 0.000000 1.000000
0.990649 0.081164 0.109664 -0.000000 -0.074309 0.995100 -0.065223 0.011300 -0.114421 0.056464 0.991826 -0.000000 0.000000 0.000000 0.000000 1.000000
0.990317 0.089410 0.106196 0.000000 -0.082510 0.994289 -0.067684 0.011300 -0.111641 0.058267 0.992039 -0.000000 0.000000 0.000000 0.000000 1.000000
0.990707 0.090156 0.101839 0.000000 -0.083379 0.994129 -0.068959 0.011300 -0.107458 0.059827 0.992408 0.000000 0.000000 0.000000 0.000000 1.000000
0.992310 0.082765 0.092040 0.000000 -0.076364 0.994547 -0.071021 0.011300 -0.097416 0.063447 0.993219 0.000000 0.000000 0.000000 0.000000 1.000000
0.994902 0.069186 0.073375 -0.000000 -0.063552 0.995040 -0.076522 0.011300 -0.078305 0.071469 0.994364 0.000000 0.000000 0.000000 0.000000 1.000000
0.997477 0.052829 0.047428 0.000000 -0.048803 0.995406 -0.082366 0.011300 -0.051562 0.079844 0.995473 -0.000000 0.000000 0.000000 0.000000 1.000000
0.999221 0.035625 0.016999 -0.000000 -0.034035 0.995706 -0.086085 0.011300 -0.019993 0.085439 0.996143 0.000000 0.000000 0.000000 0.000000 1.000000
0.999712 0.019281 -0.014299 0.000000 -0.020462 0.995946 -0.087591 0.011300 0.012552 0.087858 0.996054 0.000000 0.000000 0.000000 0.000000 1.000000
0.999091 0.005108 -0.042320 -0.000000 -0.008868 0.995980 -0.089138 0.011300 0.041694 0.089432 0.995120 0.000000 0.000000 0.000000 0.000000 1.000000
0.997975 -0.005221 -0.063389 0.000000 -0.000700 0.995663 -0.093033 0.011300 0.063600 0.092889 0.993643 0.000000 0.000000 0.000000 0.000000 1.000000
0.996885 -0.011769 -0.077991 -0.000000 0.004123 0.995228 -0.097486 0.011300 0.078766 0.096861 0.992176 0.000000 0.000000 0.000000 0.000000 1.000000
0.995862 -0.016335 -0.089400 0.000000 0.007267 0.994877 -0.100830 0.011300 0.090589 0.099763 0.990879 0.000000 0.000000 0.000000 0.000000 1.000000
0.994778 -0.020538 -0.099972 0.000000 0.010250 0.994696 -0.102349 0.011300 0.101544 0.100790 0.989712 0.000000 0.000000 0.000000 0.000000 1.000000
0.993591 -0.025321 -0.110166 0.000000 0.014024 0.994672 -0.102135 0.011300 0.112165 0.099935 0.988652 0.000000 0.000000 0.000000 0.000000 1.000000
0.992711 -0.030148 -0.116687 0.000000 0.018534 0.994879 -0.099361 0.011300 0.119085 0.096474 0.988186 0.000000 0.000000 0.000000 0.000000 1.000000
0.991929 -0.035246 -0.121796 0.000000 0.023851 0.995307 -0.093778 0.011300 0.124530 0.090116 0.988115 0.000000 0.000000 0.000000 0.000000 1.000000
0.991335 -0.040694 -0.124893 0.000000 0.030040 0.995839 -0.086031 0.011300 0.127874 0.081534 0.988433 0.000000 0.000000 0.000000 0.000000 1.000000
0.990957 -0.046373 -0.125914 0.000000 0.036811 0.996333 -0.077231 0.011300 0.129034 0.071897 0.989030 -0.000000 0.000000 0.000000 0.000000 1.000000
0.990727 -0.052024 -0.125514 -0.000000 0.043632 0.996682 -0.068706 0.011300 0.128672 0.062592 0.989710 -0.000000 0.000000 0.000000 0.000000 1.000000
0.990636 -0.057977 -0.123605 0.000000 0.050727 0.996847 -0.061015 0.011300 0.126753 0.054173 0.990454 0.000000 0.000000 0.000000 0.000000 1.000000
0.991009 -0.064502 -0.117218 -0.000000 0.058359 0.996773 -0.055110 0.011300 0.120395 0.047774 0.991576 -0.000000 0.000000 0.000000 0.000000 1.000000
0.991735 -0.070313 -0.107317 0.000000 0.064964 0.996503 -0.052552 0.011300 0.110637 0.045146 0.992835 0.000000 0.000000 0.000000 0.000000 1.000000
0.992676 -0.073016 -0.096248 -0.000000 0.068085 0.996241 -0.053562 0.011300 0.099797 0.046616 0.993915 0.000000 0.000000 0.000000 0.000000 1.000000
0.993797 -0.069970 -0.086441 0.000000 0.065196 0.996250 -0.056876 0.011300 0.090096 0.050888 0.994632 0.000000 0.000000 0.000000 0.000000 1.000000
0.995287 -0.061685 -0.074820 0.000000 0.057218 0.996530 -0.060446 0.011300 0.078289 0.055880 0.995363 0.000000 0.000000 0.000000 0.000000 1.000000
0.997156 -0.049903 -0.056470 0.000000 0.046272 0.996884 -0.063887 0.011300 0.059482 0.061092 0.996358 -0.000000 0.000000 0.000000 0.000000 1.000000
0.998870 -0.035658 -0.031416 0.000000 0.033480 0.997169 -0.067321 0.011300 0.033727 0.066194 0.997237 -0.000000 0.000000 0.000000 0.000000 1.000000
0.999805 -0.019605 -0.002430 -0.000000 0.019384 0.997294 -0.070915 0.011300 0.003814 0.070854 0.997479 -0.000000 0.000000 0.000000 0.000000 1.000000
0.999664 -0.002364 0.025826 -0.000000 0.004287 0.997198 -0.074685 0.011300 -0.025578 0.074770 0.996873 -0.000000 0.000000 0.000000 0.000000 1.000000
0.998723 0.013419 0.048701 0.000000 -0.009570 0.996875 -0.078410 0.011300 -0.049601 0.077843 0.995731 0.000000 0.000000 0.000000 0.000000 1.000000</float_array>
        <technique_common>
          <accessor source="#mixamorig_Spine2-Matrix-animation-output-transform-array" count="42" stride="16">
            <param type="float4x4"/>
          </accessor>
        </technique_common>
      </source>
      <source id="mixamorig_Spine2-Interpolations">
        <Name_array id="mixamorig_Spine2-Interpolations-array" count="42">
 LINEAR LINEAR LINEAR LINEAR LINEAR LINEAR LINEAR LINEAR LINEAR LINEAR LINEAR
LINEAR LINEAR LINEAR LINEAR LINEAR LINEAR LINEAR LINEAR LINEAR LINEAR LINEAR LINEAR
LINEAR LINEAR LINEAR LINEAR LINEAR LINEAR LINEAR LINEAR LINEAR LINEAR LINEAR LINEAR
LINEAR LINEAR LINEAR LINEAR LINEAR LINEAR LINEAR</Name_array>
        <technique_common>
          <accessor source="#mixamorig_Spine2-Interpolations-array" count="42">
            <param type="name"/>
          </accessor>
        </technique_common>
      </source>
      <sampler id="mixamorig_Spine2-Matrix-animation-transform">
        <input semantic="INPUT" source="#mixamorig_Spine2-Matrix-animation-input"/>
        <input semantic="OUTPUT" source="#mixamorig_Spine2-Matrix-animation-output-transform"/>
        <input semantic="INTERPOLATION" source="#mixamorig_Spine2-Interpolations"/>
      </sampler>
      <channel source="#mixamorig_Spine2-Matrix-animation-transform" target="mixamorig_Spine2/matrix"/>
    </animation>
    <animation id="mixamorig_Neck-anim" name="mixamorig_Neck">
      <source id="mixamorig_Neck-Matrix-animation-input">
        <float_array id="mixamorig_Neck-Matrix-animation-input-array" count="42">

0.000000 0.033333 0.066667 0.100000 0.133333 0.166667 0.200000 0.233333 0.266667 0.300000 0.333333 0.366667 0.400000 0.433333 0.466667 0.500000
0.533333 0.566667 0.600000 0.633333 0.666667 0.700000 0.733333 0.766667 0.800000 0.833333 0.866667 0.900000 0.933333 0.966667 1.000000 1.033333
1.066667 1.100000 1.133333 1.166667 1.200000 1.233333 1.266667 1.300000 1.333333 1.366667</float_array>
        <technique_common>
          <accessor source="#mixamorig_Neck-Matrix-animation-input-array" count="42">
            <param name="TIME" type="float"/>
          </accessor>
        </technique_common>
      </source>
      <source id="mixamorig_Neck-Matrix-animation-output-transform">
        <float_array id="mixamorig_Neck-Matrix-animation-output-transform-array" count="672">

0.999644 -0.010596 -0.024495 0.000000 0.012382 0.997184 0.073964 0.012700 0.023643 -0.074241 0.996960 0.000000 0.000000 0.000000 0.000000 1.000000
0.999644 -0.004914 -0.026237 0.000000 0.006870 0.997160 0.075000 0.012700 0.025793 -0.075154 0.996838 0.000000 0.000000 0.000000 0.000000 1.000000
0.999629 -0.000074 -0.027223 0.000000 0.002183 0.996993 0.077462 0.012700 0.027135 -0.077493 0.996624 -0.000000 0.000000 0.000000 0.000000 1.000000
0.999616 0.003710 -0.027460 0.000000 -0.001469 0.996699 0.081171 0.012700 0.027670 -0.081099 0.996322 0.000000 0.000000 0.000000 0.000000 1.000000
0.999615 0.006416 -0.027011 -0.000000 -0.004074 0.996299 0.085863 0.012700 0.027462 -0.085720 0.995941 0.000000 0.000000 0.000000 0.000000 1.000000
0.999632 0.008127 -0.025882 0.000000 -0.005729 0.995798 0.091399 0.012700 0.026516 -0.091217 0.995478 0.000000 0.000000 0.000000 0.000000 1.000000
0.999670 0.008892 -0.024085 0.000000 -0.006503 0.995215 0.097491 0.012700 0.024837 -0.097302 0.994945 -0.000000 0.000000 0.000000 0.000000 1.000000
0.999722 0.008967 -0.021796 0.000000 -0.006663 0.994598 0.103586 0.012700 0.022607 -0.103412 0.994382 0.000000 0.000000 0.000000 0.000000 1.000000
0.999780 0.008538 -0.019141 0.000000 -0.006400 0.994008 0.109120 0.012700 0.019958 -0.108973 0.993844 0.000000 0.000000 0.000000 0.000000 1.000000
0.999838 0.007799 -0.016245 0.000000 -0.005904 0.993509 0.113602 0.012700 0.017025 -0.113487 0.993394 0.000000 0.000000 0.000000 0.000000 1.000000
0.999889 0.006944 -0.013214 0.000000 -0.005355 0.993158 0.116652 0.012700 0.013934 -0.116569 0.993085 0.000000 0.000000 0.000000 0.000000 1.000000
0.999931 0.006096 -0.010077 0.000000 -0.004865 0.993005 0.117975 0.012700 0.010726 -0.117918 0.992965 -0.000000 0.000000 0.000000 0.000000 1.000000
0.999963 0.005259 -0.006793 0.000000 -0.004422 0.993032 0.117764 0.012700 0.007365 -0.117730 0.993018 0.000000 0.000000 0.000000 0.000000 1.000000
0.999985 0.004304 -0.003289 0.000000 -0.003892 0.993203 0.116333 0.012700 0.003768 -0.116318 0.993205 0.000000 0.000000 0.000000 0.000000 1.000000
0.999995 0.003018 0.000493 -0.000000 -0.003054 0.993460 0.114142 0.012700 -0.000146 -0.114143 0.993464 0.000000 0.000000 0.000000 0.000000 1.000000
0.999989 0.001113 0.004585 -0.000000 -0.001618 0.993733 0.111767 0.012700 -0.004432 -0.111773 0.993724 -0.000000 0.000000 0.000000 0.000000 1.000000
0.999958 -0.001787 0.008972 0.000000 0.000791 0.993954 0.109790 0.012700 -0.009114 -0.109779 0.993914 0.000000 0.000000 0.000000 0.000000 1.000000
0.999891 -0.005928 0.013550 0.000000 0.004421 0.994073 0.108629 0.012700 -0.014114 -0.108557 0.993990 -0.000000 0.000000 0.000000 0.000000 1.000000
0.999769 -0.011405 0.018192 -0.000000 0.009366 0.994055 0.108476 0.012700 -0.019321 -0.108280 0.993933 -0.000000 0.000000 0.000000 0.000000 1.000000
0.999577 -0.018124 0.022747 0.000000 0.015533 0.993884 0.109332 0.012700 -0.024590 -0.108933 0.993745 0.000000 0.000000 0.000000 0.000000 1.000000
0.999301 -0.025782 0.027056 -0.000000 0.022629 0.993562 0.111005 0.012700 -0.029744 -0.110315 0.993451 0.000000 0.000000 0.000000 0.000000 1.000000
0.998948 -0.033817 0.030964 0.000000 0.030114 0.993127 0.113098 0.012700 -0.034575 -0.112046 0.993101 0.000000 0.000000 0.000000 0.000000 1.000000
0.998551 -0.041424 0.034338 0.000000 0.037222 0.992659 0.115077 0.012700 -0.038853 -0.113633 0.992763 0.000000 0.000000 0.000000 0.000000 1.000000
0.998166 -0.047856 0.037085 0.000000 0.043245 0.992250 0.116487 0.012700 -0.042372 -0.114669 0.992500 0.000000 0.000000 0.000000 0.000000 1.000000
0.997858 -0.052427 0.039131 -0.000000 0.047533 0.992001 0.116939 0.012700 -0.044949 -0.114828 0.992368 -0.000000 0.000000 0.000000 0.000000 1.000000
0.997692 -0.054572 0.040414 0.000000 0.049555 0.991994 0.116155 0.012700 -0.046429 -0.113884 0.992409 0.000000 0.000000 0.000000 0.000000 1.000000
0.997700 -0.054039 0.040920 0.000000 0.049065 0.992259 0.114081 0.012700 -0.046768 -0.111811 0.992628 0.000000 0.000000 0.000000 0.000000 1.000000
0.997875 -0.050895 0.040673 -0.000000 0.046114 0.992762 0.110890 0.012700 -0.046022 -0.108778 0.993000 -0.000000 0.000000 0.000000 0.000000 1.000000
0.998168 -0.045610 0.039763 -0.000000 0.041132 0.993414 0.106945 0.012700 -0.044379 -0.105114 0.993469 0.000000 0.000000 0.000000 0.000000 1.000000
